      0.01      11488      13316       3812       9800
      0.02       9903      13316       2580       2957
      0.03       9651      13316       2376       2477
      0.04       9640      13316       2366       2462
      0.05       8769      13316       1913       1964
      0.06       7971      13316       1699       1701
      0.07       7973      13316       1700       1701
      0.08       7968      13316       1697       1698
      0.09       7968      13316       1697       1698
       0.1       7971      13316       1698       1698
      0.11       7104      13316       1516       1516
      0.12       7066      13316       1491       1491
      0.13       7069      13316       1491       1491
      0.14       7024      13316       1466       1466
      0.15       6673      13316       1395       1395
      0.16       6672      13316       1395       1395
      0.17       6671      13316       1395       1395
      0.18       6673      13316       1395       1395
      0.19       6549      13316       1369       1369
       0.2       6553      13316       1369       1369
      0.21       6551      13316       1369       1369
      0.22       6550      13316       1369       1369
      0.23       6551      13316       1369       1369
      0.24       6554      13316       1369       1369
      0.25       6553      13316       1369       1369
      0.26       6551      13316       1369       1369
      0.27       6554      13316       1369       1369
      0.28       4162      13316        888        888
      0.29       2156      13316        481        481
       0.3       2150      13316        481        481
      0.31       2152      13316        481        481
      0.32       2153      13316        481        481
      0.33       2152      13316        481        481
      0.34       2150      13316        481        481
      0.35       2149      13316        481        481
      0.36       2156      13316        481        481
      0.37       2155      13316        481        481
      0.38       2152      13316        481        481
      0.39       2152      13316        481        481
       0.4       2152      13316        481        481
      0.41       2151      13316        481        481
      0.42       2154      13316        481        481
      0.43       2152      13316        481        481
      0.44       2153      13316        481        481
      0.45          0      13316          0          0
      0.46          0      13316          0          0
      0.47          0      13316          0          0
      0.48          0      13316          0          0
      0.49          0      13316          0          0
       0.5          0      13316          0          0
      0.51          0      13316          0          0
      0.52          0      13316          0          0
      0.53          0      13316          0          0
      0.54          0      13316          0          0
      0.55          0      13316          0          0
      0.56          0      13316          0          0
      0.57          0      13316          0          0
      0.58          0      13316          0          0
      0.59          0      13316          0          0
       0.6          0      13316          0          0
      0.61          0      13316          0          0
      0.62          0      13316          0          0
      0.63          0      13316          0          0
      0.64          0      13316          0          0
      0.65          0      13316          0          0
      0.66          0      13316          0          0
      0.67          0      13316          0          0
      0.68          0      13316          0          0
      0.69          0      13316          0          0
       0.7          0      13316          0          0
      0.71          0      13316          0          0
      0.72          0      13316          0          0
      0.73          0      13316          0          0
      0.74          0      13316          0          0
      0.75          0      13316          0          0
      0.76          0      13316          0          0
      0.77          0      13316          0          0
      0.78          0      13316          0          0
      0.79          0      13316          0          0
       0.8          0      13316          0          0
      0.81          0      13316          0          0
      0.82          0      13316          0          0
      0.83          0      13316          0          0
      0.84          0      13316          0          0
      0.85          0      13316          0          0
      0.86          0      13316          0          0
      0.87          0      13316          0          0
      0.88          0      13316          0          0
      0.89          0      13316          0          0
       0.9          0      13316          0          0
      0.91          0      13316          0          0
      0.92          0      13316          0          0
      0.93          0      13316          0          0
      0.94          0      13316          0          0
      0.95          0      13316          0          0
      0.96          0      13316          0          0
      0.97          0      13316          0          0
      0.98          0      13316          0          0
      0.99          0      13316          0          0
