      0.01     107591     772005    16271.8     154401
      0.02     512547     772005     104307     154401
      0.03     657018     772005     139848     154401
      0.04     658102     772005     140313     154401
      0.05     677996     772005     147853     154401
      0.06     674247     772005     147760     154401
      0.07     674247     772005     147760     154401
      0.08     674237     772005     147767     154401
      0.09     674237     772005     147767     154401
       0.1     674237     772005     147767     154401
      0.11     664780     772005     147044     154401
      0.12     665316     772005     147353     154401
      0.13     665316     772005     147353     154401
      0.14     666063     772005     147737     154401
      0.15     663572     772005     147294     154401
      0.16     663572     772005     147294     154401
      0.17     663572     772005     147294     154401
      0.18     663572     772005     147294     154401
      0.19     663428     772005     147292     154401
       0.2     663428     772005     147292     154401
      0.21     663428     772005     147292     154401
      0.22     663428     772005     147292     154401
      0.23     663428     772005     147292     154401
      0.24     663428     772005     147292     154401
      0.25     663428     772005     147292     154401
      0.26     663428     772005     147292     154401
      0.27     663428     772005     147292     154401
      0.28     424869     772005     109253     154401
      0.29     390960     772005     105137     154401
       0.3     390960     772005     105137     154401
      0.31     390960     772005     105137     154401
      0.32     390960     772005     105137     154401
      0.33     390960     772005     105137     154401
      0.34     390960     772005     105137     154401
      0.35     390960     772005     105137     154401
      0.36     390960     772005     105137     154401
      0.37     390960     772005     105137     154401
      0.38     390960     772005     105137     154401
      0.39     390960     772005     105137     154401
       0.4     390960     772005     105137     154401
      0.41     390960     772005     105137     154401
      0.42     390960     772005     105137     154401
      0.43     390960     772005     105137     154401
      0.44     390960     772005     105137     154401
      0.45     250378     772005      75881     154401
      0.46     250378     772005      75881     154401
      0.47     250378     772005      75881     154401
      0.48     250378     772005      75881     154401
      0.49     250378     772005      75881     154401
       0.5     250378     772005      75881     154401
      0.51     250378     772005      75881     154401
      0.52     250378     772005      75881     154401
      0.53     250378     772005      75881     154401
      0.54     250378     772005      75881     154401
      0.55     250378     772005      75881     154401
      0.56     250378     772005      75881     154401
      0.57     250378     772005      75881     154401
      0.58     250378     772005      75881     154401
      0.59     250378     772005      75881     154401
       0.6     250378     772005      75881     154401
      0.61     250378     772005      75881     154401
      0.62     250378     772005      75881     154401
      0.63     250378     772005      75881     154401
      0.64     250378     772005      75881     154401
      0.65     250378     772005      75881     154401
      0.66     250378     772005      75881     154401
      0.67     250378     772005      75881     154401
      0.68     250378     772005      75881     154401
      0.69     250378     772005      75881     154401
       0.7     250378     772005      75881     154401
      0.71     250378     772005      75881     154401
      0.72     250378     772005      75881     154401
      0.73     250378     772005      75881     154401
      0.74     250378     772005      75881     154401
      0.75     250378     772005      75881     154401
      0.76     250378     772005      75881     154401
      0.77     250378     772005      75881     154401
      0.78     250378     772005      75881     154401
      0.79     250378     772005      75881     154401
       0.8     250378     772005      75881     154401
      0.81     250378     772005      75881     154401
      0.82     250378     772005      75881     154401
      0.83     250378     772005      75881     154401
      0.84     250378     772005      75881     154401
      0.85     250378     772005      75881     154401
      0.86     250378     772005      75881     154401
      0.87     250378     772005      75881     154401
      0.88     250378     772005      75881     154401
      0.89     250378     772005      75881     154401
       0.9     250378     772005      75881     154401
      0.91     250378     772005      75881     154401
      0.92     250378     772005      75881     154401
      0.93     250378     772005      75881     154401
      0.94     250378     772005      75881     154401
      0.95     250378     772005      75881     154401
      0.96     250378     772005      75881     154401
      0.97     250378     772005      75881     154401
      0.98     250378     772005      75881     154401
      0.99     250378     772005      75881     154401
