      0.01   0.690635    4.95558
      0.02   0.849642    1.26326
      0.03   0.947949   0.716895
      0.04   0.948041   0.706856
      0.05   0.951857   0.561481
      0.06   0.949498   0.555233
      0.07   0.949498   0.555233
      0.08   0.949497   0.554891
      0.09   0.949497   0.554891
       0.1   0.949497   0.554891
      0.11   0.942834   0.589313
      0.12   0.943692   0.578892
      0.13   0.943692   0.578892
      0.14   0.944955   0.564827
      0.15   0.944727   0.571278
      0.16   0.944727   0.571278
      0.17   0.944727   0.571278
      0.18   0.944727   0.571278
      0.19   0.944573   0.571051
       0.2   0.944573   0.571051
      0.21   0.944573   0.571051
      0.22   0.944573   0.571051
      0.23   0.944573   0.571051
      0.24   0.944573   0.571051
      0.25   0.944573   0.571051
      0.26   0.944573   0.571051
      0.27   0.944573   0.571051
      0.28   0.695452    1.19947
      0.29   0.642595    1.35197
       0.3   0.642595    1.35197
      0.31   0.642595    1.35197
      0.32   0.642595    1.35197
      0.33   0.642595    1.35197
      0.34   0.642595    1.35197
      0.35   0.642595    1.35197
      0.36   0.642595    1.35197
      0.37   0.642595    1.35197
      0.38   0.642595    1.35197
      0.39   0.642595    1.35197
       0.4   0.642595    1.35197
      0.41   0.642595    1.35197
      0.42   0.642595    1.35197
      0.43   0.642595    1.35197
      0.44   0.642595    1.35197
      0.45   0.324318    1.97464
      0.46   0.324318    1.97464
      0.47   0.324318    1.97464
      0.48   0.324318    1.97464
      0.49   0.324318    1.97464
       0.5   0.324318    1.97464
      0.51   0.324318    1.97464
      0.52   0.324318    1.97464
      0.53   0.324318    1.97464
      0.54   0.324318    1.97464
      0.55   0.324318    1.97464
      0.56   0.324318    1.97464
      0.57   0.324318    1.97464
      0.58   0.324318    1.97464
      0.59   0.324318    1.97464
       0.6   0.324318    1.97464
      0.61   0.324318    1.97464
      0.62   0.324318    1.97464
      0.63   0.324318    1.97464
      0.64   0.324318    1.97464
      0.65   0.324318    1.97464
      0.66   0.324318    1.97464
      0.67   0.324318    1.97464
      0.68   0.324318    1.97464
      0.69   0.324318    1.97464
       0.7   0.324318    1.97464
      0.71   0.324318    1.97464
      0.72   0.324318    1.97464
      0.73   0.324318    1.97464
      0.74   0.324318    1.97464
      0.75   0.324318    1.97464
      0.76   0.324318    1.97464
      0.77   0.324318    1.97464
      0.78   0.324318    1.97464
      0.79   0.324318    1.97464
       0.8   0.324318    1.97464
      0.81   0.324318    1.97464
      0.82   0.324318    1.97464
      0.83   0.324318    1.97464
      0.84   0.324318    1.97464
      0.85   0.324318    1.97464
      0.86   0.324318    1.97464
      0.87   0.324318    1.97464
      0.88   0.324318    1.97464
      0.89   0.324318    1.97464
       0.9   0.324318    1.97464
      0.91   0.324318    1.97464
      0.92   0.324318    1.97464
      0.93   0.324318    1.97464
      0.94   0.324318    1.97464
      0.95   0.324318    1.97464
      0.96   0.324318    1.97464
      0.97   0.324318    1.97464
      0.98   0.324318    1.97464
      0.99   0.324318    1.97464
