      0.01     440601     926406    74695.3     154401
      0.02     620473     926406     119138     154401
      0.03     606155     926406     126001     154401
      0.04     597300     926406     129459     154401
      0.05     582178     926406     124538     154401
      0.06     578419     926406     130154     154401
      0.07     578407     926406     130151     154401
      0.08     569366     926406     128396     154401
      0.09     569559     926406     128517     154401
       0.1     553087     926406     124864     154401
      0.11     553087     926406     124864     154401
      0.12     546597     926406     124635     154401
      0.13     476211     926406     116107     154401
      0.14     447279     926406     112751     154401
      0.15     373428     926406    98160.1     154401
      0.16     325631     926406    93713.9     154401
      0.17     321532     926406    92849.7     154401
      0.18     321532     926406    92849.7     154401
      0.19     321532     926406    92849.7     154401
       0.2     321532     926406    92849.7     154401
      0.21     321532     926406    92849.7     154401
      0.22     321532     926406    92849.7     154401
      0.23     321532     926406    92849.7     154401
      0.24     321532     926406    92849.7     154401
      0.25     321532     926406    92849.7     154401
      0.26     237483     926406      71126     154401
      0.27     155078     926406      46003     154401
      0.28     155078     926406      46003     154401
      0.29     155078     926406      46003     154401
       0.3     155078     926406      46003     154401
      0.31     155078     926406      46003     154401
      0.32     116923     926406      37897     154401
      0.33     116923     926406      37897     154401
      0.34     116923     926406      37897     154401
      0.35     116923     926406      37897     154401
      0.36     116923     926406      37897     154401
      0.37     116923     926406      37897     154401
      0.38     116923     926406      37897     154401
      0.39     116923     926406      37897     154401
       0.4     116923     926406      37897     154401
      0.41     116923     926406      37897     154401
      0.42     116923     926406      37897     154401
      0.43     116923     926406      37897     154401
      0.44     116923     926406      37897     154401
      0.45     116923     926406      37897     154401
      0.46     116923     926406      37897     154401
      0.47     116923     926406      37897     154401
      0.48     116923     926406      37897     154401
      0.49     116923     926406      37897     154401
       0.5     116923     926406      37897     154401
      0.51     116923     926406      37897     154401
      0.52     116923     926406      37897     154401
      0.53     116923     926406      37897     154401
      0.54     116923     926406      37897     154401
      0.55     116923     926406      37897     154401
      0.56     116923     926406      37897     154401
      0.57     116923     926406      37897     154401
      0.58     116923     926406      37897     154401
      0.59     116923     926406      37897     154401
       0.6     116923     926406      37897     154401
      0.61     116923     926406      37897     154401
      0.62     116923     926406      37897     154401
      0.63     116923     926406      37897     154401
      0.64     116923     926406      37897     154401
      0.65     116923     926406      37897     154401
      0.66     116923     926406      37897     154401
      0.67     116923     926406      37897     154401
      0.68     116923     926406      37897     154401
      0.69     116923     926406      37897     154401
       0.7     116923     926406      37897     154401
      0.71     116923     926406      37897     154401
      0.72     116923     926406      37897     154401
      0.73     116923     926406      37897     154401
      0.74     116923     926406      37897     154401
      0.75     116923     926406      37897     154401
      0.76     116923     926406      37897     154401
      0.77     116923     926406      37897     154401
      0.78     116923     926406      37897     154401
      0.79     116923     926406      37897     154401
       0.8     116923     926406      37897     154401
      0.81     116923     926406      37897     154401
      0.82     116923     926406      37897     154401
      0.83     116923     926406      37897     154401
      0.84     116923     926406      37897     154401
      0.85     116923     926406      37897     154401
      0.86     116923     926406      37897     154401
      0.87     116923     926406      37897     154401
      0.88     116923     926406      37897     154401
      0.89     116923     926406      37897     154401
       0.9     116923     926406      37897     154401
      0.91     116923     926406      37897     154401
      0.92     116923     926406      37897     154401
      0.93     116923     926406      37897     154401
      0.94     116923     926406      37897     154401
      0.95     116923     926406      37897     154401
      0.96     116923     926406      37897     154401
      0.97     116923     926406      37897     154401
      0.98     116923     926406      37897     154401
      0.99     116923     926406      37897     154401
