      0.01     485976     772005    98819.6     154401
      0.02     493185     772005     106682     154401
      0.03     490936     772005     112894     154401
      0.04     458823     772005     110225     154401
      0.05     456755     772005     109910     154401
      0.06     463296     772005     114656     154401
      0.07     455244     772005     109977     154401
      0.08     415122     772005     102960     154401
      0.09     417208     772005     103751     154401
       0.1     388913     772005    97838.1     154401
      0.11     388066     772005    98470.1     154401
      0.12     386014     772005    98407.2     154401
      0.13     386321     772005      97129     154401
      0.14     386321     772005      97129     154401
      0.15     386321     772005      97129     154401
      0.16     386321     772005      97129     154401
      0.17     386321     772005      97129     154401
      0.18     386321     772005      97129     154401
      0.19     386321     772005      97129     154401
       0.2     363699     772005    90757.4     154401
      0.21     363699     772005    90757.4     154401
      0.22     363699     772005    90757.4     154401
      0.23     363699     772005    90757.4     154401
      0.24     363699     772005    90757.4     154401
      0.25     363699     772005    90757.4     154401
      0.26     363699     772005    90757.4     154401
      0.27     363699     772005    90757.4     154401
      0.28     363699     772005    90757.4     154401
      0.29     187833     772005    68936.9     154401
       0.3     187833     772005    68936.9     154401
      0.31     187833     772005    68936.9     154401
      0.32     187833     772005    68936.9     154401
      0.33     187833     772005    68936.9     154401
      0.34     187833     772005    68936.9     154401
      0.35     187833     772005    68936.9     154401
      0.36     187833     772005    68936.9     154401
      0.37     187833     772005    68936.9     154401
      0.38     187833     772005    68936.9     154401
      0.39     187833     772005    68936.9     154401
       0.4     186409     772005      68598     154401
      0.41     186409     772005      68598     154401
      0.42     186409     772005      68598     154401
      0.43     186409     772005      68598     154401
      0.44     186409     772005      68598     154401
      0.45     186409     772005      68598     154401
      0.46     186409     772005      68598     154401
      0.47     186409     772005      68598     154401
      0.48     186409     772005      68598     154401
      0.49     186409     772005      68598     154401
       0.5     186409     772005      68598     154401
      0.51     186409     772005      68598     154401
      0.52     186409     772005      68598     154401
      0.53     186409     772005      68598     154401
      0.54     186409     772005      68598     154401
      0.55     186409     772005      68598     154401
      0.56     186409     772005      68598     154401
      0.57     186409     772005      68598     154401
      0.58     186409     772005      68598     154401
      0.59     186409     772005      68598     154401
       0.6     186409     772005      68598     154401
      0.61     186409     772005      68598     154401
      0.62     186409     772005      68598     154401
      0.63     186409     772005      68598     154401
      0.64     186409     772005      68598     154401
      0.65     186409     772005      68598     154401
      0.66     186409     772005      68598     154401
      0.67     186409     772005      68598     154401
      0.68     186409     772005      68598     154401
      0.69     186409     772005      68598     154401
       0.7     186409     772005      68598     154401
      0.71     186409     772005      68598     154401
      0.72     186409     772005      68598     154401
      0.73     186409     772005      68598     154401
      0.74     186409     772005      68598     154401
      0.75     186409     772005      68598     154401
      0.76     186409     772005      68598     154401
      0.77     186409     772005      68598     154401
      0.78     186409     772005      68598     154401
      0.79     186409     772005      68598     154401
       0.8     186409     772005      68598     154401
      0.81     186409     772005      68598     154401
      0.82     186409     772005      68598     154401
      0.83     186409     772005      68598     154401
      0.84     186409     772005      68598     154401
      0.85     186409     772005      68598     154401
      0.86     186409     772005      68598     154401
      0.87     186409     772005      68598     154401
      0.88     186409     772005      68598     154401
      0.89     186409     772005      68598     154401
       0.9     186409     772005      68598     154401
      0.91     186409     772005      68598     154401
      0.92     186409     772005      68598     154401
      0.93     186409     772005      68598     154401
      0.94     186409     772005      68598     154401
      0.95     186409     772005      68598     154401
      0.96     186409     772005      68598     154401
      0.97     186409     772005      68598     154401
      0.98     186409     772005      68598     154401
      0.99     186409     772005      68598     154401
