      0.01      18071      20853       5118       6827
      0.02      15763      20853       4068       4806
      0.03      14766      20853       3631       4101
      0.04      14081      20853       3356       3601
      0.05      13633      20853       3160       3341
      0.06      13181      20853       2972       3085
      0.07      12686      20853       2810       2822
      0.08       9864      20853       2219       2222
      0.09       9528      20853       2069       2071
       0.1       6226      20853       1377       1380
      0.11       5940      20853       1293       1295
      0.12       5699      20853       1236       1238
      0.13       5107      20853       1078       1080
      0.14       5111      20853       1079       1080
      0.15       5110      20853       1079       1080
      0.16       5105      20853       1078       1080
      0.17       5111      20853       1078       1080
      0.18       5110      20853       1078       1080
      0.19       5108      20853       1078       1080
       0.2       4349      20853        910        912
      0.21       4352      20853        910        912
      0.22       4351      20853        910        912
      0.23       4353      20853        910        912
      0.24       4352      20853        910        912
      0.25       4351      20853        910        912
      0.26       4351      20853        910        912
      0.27       4352      20853        911        912
      0.28       4352      20853        910        912
      0.29        303      20853         74         74
       0.3        303      20853         74         74
      0.31        302      20853         74         74
      0.32        303      20853         74         74
      0.33        302      20853         74         74
      0.34        302      20853         74         74
      0.35        302      20853         74         74
      0.36        302      20853         74         74
      0.37        303      20853         74         74
      0.38        303      20853         74         74
      0.39        303      20853         74         74
       0.4          0      20853          0          0
      0.41          0      20853          0          0
      0.42          0      20853          0          0
      0.43          0      20853          0          0
      0.44          0      20853          0          0
      0.45          0      20853          0          0
      0.46          0      20853          0          0
      0.47          0      20853          0          0
      0.48          0      20853          0          0
      0.49          0      20853          0          0
       0.5          0      20853          0          0
      0.51          0      20853          0          0
      0.52          0      20853          0          0
      0.53          0      20853          0          0
      0.54          0      20853          0          0
      0.55          0      20853          0          0
      0.56          0      20853          0          0
      0.57          0      20853          0          0
      0.58          0      20853          0          0
      0.59          0      20853          0          0
       0.6          0      20853          0          0
      0.61          0      20853          0          0
      0.62          0      20853          0          0
      0.63          0      20853          0          0
      0.64          0      20853          0          0
      0.65          0      20853          0          0
      0.66          0      20853          0          0
      0.67          0      20853          0          0
      0.68          0      20853          0          0
      0.69          0      20853          0          0
       0.7          0      20853          0          0
      0.71          0      20853          0          0
      0.72          0      20853          0          0
      0.73          0      20853          0          0
      0.74          0      20853          0          0
      0.75          0      20853          0          0
      0.76          0      20853          0          0
      0.77          0      20853          0          0
      0.78          0      20853          0          0
      0.79          0      20853          0          0
       0.8          0      20853          0          0
      0.81          0      20853          0          0
      0.82          0      20853          0          0
      0.83          0      20853          0          0
      0.84          0      20853          0          0
      0.85          0      20853          0          0
      0.86          0      20853          0          0
      0.87          0      20853          0          0
      0.88          0      20853          0          0
      0.89          0      20853          0          0
       0.9          0      20853          0          0
      0.91          0      20853          0          0
      0.92          0      20853          0          0
      0.93          0      20853          0          0
      0.94          0      20853          0          0
      0.95          0      20853          0          0
      0.96          0      20853          0          0
      0.97          0      20853          0          0
      0.98          0      20853          0          0
      0.99          0      20853          0          0
