      0.01      23691      25879       5907       8027
      0.02      22107      25879       5133       5547
      0.03      19128      25879       4240       4447
      0.04      18018      25879       3954       4053
      0.05      16907      25879       3687       3779
      0.06      15853      25879       3285       3336
      0.07      15819      25879       3280       3328
      0.08      15740      25879       3223       3269
      0.09      15677      25879       3207       3253
       0.1      15362      25879       3079       3118
      0.11      15362      25879       3079       3118
      0.12      14785      25879       2981       3020
      0.13      13786      25879       2754       2791
      0.14      12804      25879       2589       2625
      0.15      11853      25879       2349       2382
      0.16      11239      25879       2246       2279
      0.17      10799      25879       2136       2170
      0.18      10806      25879       2137       2170
      0.19      10808      25879       2136       2170
       0.2      10809      25879       2136       2170
      0.21      10806      25879       2136       2170
      0.22      10807      25879       2136       2170
      0.23      10801      25879       2136       2170
      0.24      10807      25879       2136       2170
      0.25      10806      25879       2137       2170
      0.26       5321      25879       1048       1068
      0.27       1963      25879        330        330
      0.28       1961      25879        330        330
      0.29       1958      25879        330        330
       0.3       1965      25879        330        330
      0.31       1961      25879        330        330
      0.32          0      25879          0          0
      0.33          0      25879          0          0
      0.34          0      25879          0          0
      0.35          0      25879          0          0
      0.36          0      25879          0          0
      0.37          0      25879          0          0
      0.38          0      25879          0          0
      0.39          0      25879          0          0
       0.4          0      25879          0          0
      0.41          0      25879          0          0
      0.42          0      25879          0          0
      0.43          0      25879          0          0
      0.44          0      25879          0          0
      0.45          0      25879          0          0
      0.46          0      25879          0          0
      0.47          0      25879          0          0
      0.48          0      25879          0          0
      0.49          0      25879          0          0
       0.5          0      25879          0          0
      0.51          0      25879          0          0
      0.52          0      25879          0          0
      0.53          0      25879          0          0
      0.54          0      25879          0          0
      0.55          0      25879          0          0
      0.56          0      25879          0          0
      0.57          0      25879          0          0
      0.58          0      25879          0          0
      0.59          0      25879          0          0
       0.6          0      25879          0          0
      0.61          0      25879          0          0
      0.62          0      25879          0          0
      0.63          0      25879          0          0
      0.64          0      25879          0          0
      0.65          0      25879          0          0
      0.66          0      25879          0          0
      0.67          0      25879          0          0
      0.68          0      25879          0          0
      0.69          0      25879          0          0
       0.7          0      25879          0          0
      0.71          0      25879          0          0
      0.72          0      25879          0          0
      0.73          0      25879          0          0
      0.74          0      25879          0          0
      0.75          0      25879          0          0
      0.76          0      25879          0          0
      0.77          0      25879          0          0
      0.78          0      25879          0          0
      0.79          0      25879          0          0
       0.8          0      25879          0          0
      0.81          0      25879          0          0
      0.82          0      25879          0          0
      0.83          0      25879          0          0
      0.84          0      25879          0          0
      0.85          0      25879          0          0
      0.86          0      25879          0          0
      0.87          0      25879          0          0
      0.88          0      25879          0          0
      0.89          0      25879          0          0
       0.9          0      25879          0          0
      0.91          0      25879          0          0
      0.92          0      25879          0          0
      0.93          0      25879          0          0
      0.94          0      25879          0          0
      0.95          0      25879          0          0
      0.96          0      25879          0          0
      0.97          0      25879          0          0
      0.98          0      25879          0          0
      0.99          0      25879          0          0
