      0.01   0.908691    2.57785
      0.02   0.935632    1.59534
      0.03   0.932007    1.51178
      0.04   0.927046    1.52267
      0.05   0.923444    1.55477
      0.06   0.922252    1.50021
      0.07   0.922252     1.5003
      0.08   0.920865    1.51188
      0.09   0.920869    1.50793
       0.1   0.916165    1.53783
      0.11   0.916165    1.53783
      0.12   0.910907    1.57761
      0.13    0.87832    1.79252
      0.14   0.868876    1.90093
      0.15   0.778174    2.19811
      0.16   0.745451    2.43347
      0.17    0.74079    2.44675
      0.18    0.74079    2.44675
      0.19    0.74079    2.44675
       0.2    0.74079    2.44675
      0.21    0.74079    2.44675
      0.22    0.74079    2.44675
      0.23    0.74079    2.44675
      0.24    0.74079    2.44675
      0.25    0.74079    2.44675
      0.26   0.499163    2.84657
      0.27   0.227007    3.24006
      0.28   0.227007    3.24006
      0.29   0.227007    3.24006
       0.3   0.227007    3.24006
      0.31   0.227007    3.24006
      0.32   0.126206    3.49475
      0.33   0.126206    3.49475
      0.34   0.126206    3.49475
      0.35   0.126206    3.49475
      0.36   0.126206    3.49475
      0.37   0.126206    3.49475
      0.38   0.126206    3.49475
      0.39   0.126206    3.49475
       0.4   0.126206    3.49475
      0.41   0.126206    3.49475
      0.42   0.126206    3.49475
      0.43   0.126206    3.49475
      0.44   0.126206    3.49475
      0.45   0.126206    3.49475
      0.46   0.126206    3.49475
      0.47   0.126206    3.49475
      0.48   0.126206    3.49475
      0.49   0.126206    3.49475
       0.5   0.126206    3.49475
      0.51   0.126206    3.49475
      0.52   0.126206    3.49475
      0.53   0.126206    3.49475
      0.54   0.126206    3.49475
      0.55   0.126206    3.49475
      0.56   0.126206    3.49475
      0.57   0.126206    3.49475
      0.58   0.126206    3.49475
      0.59   0.126206    3.49475
       0.6   0.126206    3.49475
      0.61   0.126206    3.49475
      0.62   0.126206    3.49475
      0.63   0.126206    3.49475
      0.64   0.126206    3.49475
      0.65   0.126206    3.49475
      0.66   0.126206    3.49475
      0.67   0.126206    3.49475
      0.68   0.126206    3.49475
      0.69   0.126206    3.49475
       0.7   0.126206    3.49475
      0.71   0.126206    3.49475
      0.72   0.126206    3.49475
      0.73   0.126206    3.49475
      0.74   0.126206    3.49475
      0.75   0.126206    3.49475
      0.76   0.126206    3.49475
      0.77   0.126206    3.49475
      0.78   0.126206    3.49475
      0.79   0.126206    3.49475
       0.8   0.126206    3.49475
      0.81   0.126206    3.49475
      0.82   0.126206    3.49475
      0.83   0.126206    3.49475
      0.84   0.126206    3.49475
      0.85   0.126206    3.49475
      0.86   0.126206    3.49475
      0.87   0.126206    3.49475
      0.88   0.126206    3.49475
      0.89   0.126206    3.49475
       0.9   0.126206    3.49475
      0.91   0.126206    3.49475
      0.92   0.126206    3.49475
      0.93   0.126206    3.49475
      0.94   0.126206    3.49475
      0.95   0.126206    3.49475
      0.96   0.126206    3.49475
      0.97   0.126206    3.49475
      0.98   0.126206    3.49475
      0.99   0.126206    3.49475
