      0.01   0.831027    5.30305
      0.02   0.858456    2.76719
      0.03   0.883261     1.7832
      0.04   0.861143    1.69503
      0.05    0.83621    1.66083
      0.06   0.829618    1.61598
      0.07   0.822395    1.48609
      0.08   0.805249    1.63634
      0.09    0.80318    1.60619
       0.1   0.713753    1.90762
      0.11   0.713753    1.90762
      0.12   0.700578    2.01465
      0.13   0.700647    2.00642
      0.14   0.467516    2.54141
      0.15   0.467516    2.54141
      0.16   0.467005    2.53497
      0.17   0.467005    2.53497
      0.18   0.467005    2.53497
      0.19   0.467005    2.53497
       0.2   0.467005    2.53497
      0.21   0.467005    2.53497
      0.22   0.467005    2.53497
      0.23   0.467005    2.53497
      0.24   0.467005    2.53497
      0.25   0.467005    2.53497
      0.26   0.467005    2.53497
      0.27   0.174994    3.00567
      0.28   0.174994    3.00567
      0.29   0.174994    3.00567
       0.3   0.174994    3.00567
      0.31   0.174994    3.00567
      0.32   0.174994    3.00567
      0.33   0.174994    3.00567
      0.34   0.174994    3.00567
      0.35   0.174994    3.00567
      0.36   0.174994    3.00567
      0.37   0.174994    3.00567
      0.38   0.174994    3.00567
      0.39   0.174994    3.00567
       0.4   0.174994    3.00567
      0.41   0.174994    3.00567
      0.42   0.174994    3.00567
      0.43   0.174994    3.00567
      0.44   0.174994    3.00567
      0.45   0.174994    3.00567
      0.46   0.174994    3.00567
      0.47   0.174994    3.00567
      0.48   0.174994    3.00567
      0.49   0.174994    3.00567
       0.5   0.174994    3.00567
      0.51   0.174994    3.00567
      0.52   0.174994    3.00567
      0.53   0.174994    3.00567
      0.54   0.174994    3.00567
      0.55   0.174994    3.00567
      0.56   0.174994    3.00567
      0.57   0.174994    3.00567
      0.58   0.174994    3.00567
      0.59   0.174994    3.00567
       0.6   0.174994    3.00567
      0.61   0.174994    3.00567
      0.62   0.174994    3.00567
      0.63   0.174994    3.00567
      0.64   0.174994    3.00567
      0.65   0.174994    3.00567
      0.66   0.174994    3.00567
      0.67   0.174994    3.00567
      0.68   0.174994    3.00567
      0.69   0.174994    3.00567
       0.7   0.174994    3.00567
      0.71   0.174994    3.00567
      0.72   0.174994    3.00567
      0.73   0.174994    3.00567
      0.74   0.174994    3.00567
      0.75   0.174994    3.00567
      0.76   0.174994    3.00567
      0.77   0.174994    3.00567
      0.78   0.174994    3.00567
      0.79   0.174994    3.00567
       0.8   0.174994    3.00567
      0.81   0.174994    3.00567
      0.82   0.174994    3.00567
      0.83   0.174994    3.00567
      0.84   0.174994    3.00567
      0.85   0.174994    3.00567
      0.86   0.174994    3.00567
      0.87   0.174994    3.00567
      0.88   0.174994    3.00567
      0.89   0.174994    3.00567
       0.9   0.174994    3.00567
      0.91   0.174994    3.00567
      0.92   0.174994    3.00567
      0.93   0.174994    3.00567
      0.94   0.174994    3.00567
      0.95   0.174994    3.00567
      0.96   0.174994    3.00567
      0.97   0.174994    3.00567
      0.98   0.174994    3.00567
      0.99   0.174994    3.00567
