      0.01     112546     772005    18873.7     154401
      0.02     354379     772005    74471.9     154401
      0.03     474133     772005     112167     154401
      0.04     481862     772005     116931     154401
      0.05     471121     772005     121833     154401
      0.06     470469     772005     126616     154401
      0.07     474605     772005     135893     154401
      0.08     415705     772005     124798     154401
      0.09     416548     772005     126114     154401
       0.1     337640     772005     114068     154401
      0.11     337640     772005     114068     154401
      0.12     302975     772005     110447     154401
      0.13     303495     772005     110741     154401
      0.14     214958     772005    94991.9     154401
      0.15     214958     772005    94991.9     154401
      0.16     215110     772005    95201.3     154401
      0.17     215110     772005    95201.3     154401
      0.18     215110     772005    95201.3     154401
      0.19     215110     772005    95201.3     154401
       0.2     215110     772005    95201.3     154401
      0.21     215110     772005    95201.3     154401
      0.22     215110     772005    95201.3     154401
      0.23     215110     772005    95201.3     154401
      0.24     215110     772005    95201.3     154401
      0.25     215110     772005    95201.3     154401
      0.26     215110     772005    95201.3     154401
      0.27     135101     772005      76388     154401
      0.28     135101     772005      76388     154401
      0.29     135101     772005      76388     154401
       0.3     135101     772005      76388     154401
      0.31     135101     772005      76388     154401
      0.32     135101     772005      76388     154401
      0.33     135101     772005      76388     154401
      0.34     135101     772005      76388     154401
      0.35     135101     772005      76388     154401
      0.36     135101     772005      76388     154401
      0.37     135101     772005      76388     154401
      0.38     135101     772005      76388     154401
      0.39     135101     772005      76388     154401
       0.4     135101     772005      76388     154401
      0.41     135101     772005      76388     154401
      0.42     135101     772005      76388     154401
      0.43     135101     772005      76388     154401
      0.44     135101     772005      76388     154401
      0.45     135101     772005      76388     154401
      0.46     135101     772005      76388     154401
      0.47     135101     772005      76388     154401
      0.48     135101     772005      76388     154401
      0.49     135101     772005      76388     154401
       0.5     135101     772005      76388     154401
      0.51     135101     772005      76388     154401
      0.52     135101     772005      76388     154401
      0.53     135101     772005      76388     154401
      0.54     135101     772005      76388     154401
      0.55     135101     772005      76388     154401
      0.56     135101     772005      76388     154401
      0.57     135101     772005      76388     154401
      0.58     135101     772005      76388     154401
      0.59     135101     772005      76388     154401
       0.6     135101     772005      76388     154401
      0.61     135101     772005      76388     154401
      0.62     135101     772005      76388     154401
      0.63     135101     772005      76388     154401
      0.64     135101     772005      76388     154401
      0.65     135101     772005      76388     154401
      0.66     135101     772005      76388     154401
      0.67     135101     772005      76388     154401
      0.68     135101     772005      76388     154401
      0.69     135101     772005      76388     154401
       0.7     135101     772005      76388     154401
      0.71     135101     772005      76388     154401
      0.72     135101     772005      76388     154401
      0.73     135101     772005      76388     154401
      0.74     135101     772005      76388     154401
      0.75     135101     772005      76388     154401
      0.76     135101     772005      76388     154401
      0.77     135101     772005      76388     154401
      0.78     135101     772005      76388     154401
      0.79     135101     772005      76388     154401
       0.8     135101     772005      76388     154401
      0.81     135101     772005      76388     154401
      0.82     135101     772005      76388     154401
      0.83     135101     772005      76388     154401
      0.84     135101     772005      76388     154401
      0.85     135101     772005      76388     154401
      0.86     135101     772005      76388     154401
      0.87     135101     772005      76388     154401
      0.88     135101     772005      76388     154401
      0.89     135101     772005      76388     154401
       0.9     135101     772005      76388     154401
      0.91     135101     772005      76388     154401
      0.92     135101     772005      76388     154401
      0.93     135101     772005      76388     154401
      0.94     135101     772005      76388     154401
      0.95     135101     772005      76388     154401
      0.96     135101     772005      76388     154401
      0.97     135101     772005      76388     154401
      0.98     135101     772005      76388     154401
      0.99     135101     772005      76388     154401
