      0.01    0.90738    2.91918
      0.02   0.915105    2.19544
      0.03   0.921039    1.94189
      0.04    0.92073    1.87814
      0.05   0.927618    1.68237
      0.06   0.927795    1.63059
      0.07   0.929032    1.58173
      0.08   0.929088    1.56675
      0.09   0.928834    1.57227
       0.1   0.955692    1.33236
      0.11   0.953363    1.36227
      0.12   0.949941     1.4301
      0.13   0.945315    1.42241
      0.14   0.944251    1.46135
      0.15   0.944202    1.46067
      0.16   0.940105    1.49435
      0.17   0.926219    1.60792
      0.18   0.910106    1.76562
      0.19   0.907806    1.76284
       0.2   0.907806    1.76284
      0.21   0.907808    1.73962
      0.22   0.907808    1.73962
      0.23   0.856345    1.92936
      0.24    0.85605    1.93288
      0.25    0.85605    1.93288
      0.26    0.85605    1.93288
      0.27   0.821795    2.06863
      0.28   0.821795    2.06863
      0.29   0.821795    2.06863
       0.3   0.821207    2.07586
      0.31   0.821207    2.07586
      0.32   0.821207    2.07586
      0.33   0.819606    2.11208
      0.34   0.819606    2.11196
      0.35   0.819606    2.11196
      0.36   0.819606    2.11196
      0.37   0.819606    2.11196
      0.38   0.752093    2.41565
      0.39   0.752093    2.41565
       0.4   0.752093    2.41565
      0.41   0.752093    2.41565
      0.42   0.752093    2.41565
      0.43   0.752093    2.41565
      0.44   0.752093    2.41565
      0.45   0.714766    2.55759
      0.46   0.710902    2.57549
      0.47   0.710902    2.57549
      0.48   0.710902    2.57549
      0.49   0.710902    2.57549
       0.5   0.710902    2.57549
      0.51   0.710902    2.57549
      0.52   0.706494    2.58363
      0.53   0.706494    2.58363
      0.54   0.706494    2.58363
      0.55   0.706494    2.58363
      0.56   0.706494    2.58363
      0.57   0.641344    2.85568
      0.58   0.641344    2.85568
      0.59   0.641344    2.85568
       0.6   0.641344    2.85568
      0.61   0.641344    2.85568
      0.62   0.641344    2.85568
      0.63   0.641344    2.85568
      0.64   0.641344    2.85568
      0.65   0.641344    2.85568
      0.66   0.641344    2.85568
      0.67   0.641344    2.85568
      0.68   0.604866    3.00779
      0.69   0.604866    3.00779
       0.7   0.599727    2.98644
      0.71   0.599727    2.98644
      0.72   0.599727    2.98644
      0.73   0.599727    2.98644
      0.74   0.599727    2.98644
      0.75   0.599727    2.98644
      0.76   0.599727    2.98644
      0.77   0.599727    2.98644
      0.78   0.599727    2.98644
      0.79   0.119858    3.73017
       0.8   0.119858    3.73017
      0.81   0.119858    3.73017
      0.82   0.119858    3.73017
      0.83   0.119858    3.73017
      0.84   0.119858    3.73017
      0.85   0.119858    3.73017
      0.86   0.119858    3.73017
      0.87   0.119858    3.73017
      0.88   0.119858    3.73017
      0.89   0.119858    3.73017
       0.9   0.119858    3.73017
      0.91   0.119858    3.73017
      0.92   0.119858    3.73017
      0.93   0.119858    3.73017
      0.94   0.119858    3.73017
      0.95   0.119858    3.73017
      0.96   0.119858    3.73017
      0.97   0.119858    3.73017
      0.98   0.119858    3.73017
      0.99   0.119858    3.73017
