      0.01     340213     772005    64632.8     154401
      0.02     411434     772005    87926.5     154401
      0.03     441920     772005    95531.8     154401
      0.04     439683     772005    99506.5     154401
      0.05     448700     772005     107886     154401
      0.06     449962     772005     109855     154401
      0.07     467476     772005     113740     154401
      0.08     468377     772005     114967     154401
      0.09     466359     772005     115013     154401
       0.1     551377     772005     131815     154401
      0.11     541063     772005     127358     154401
      0.12     533301     772005     123403     154401
      0.13     528456     772005     124374     154401
      0.14     516852     772005     122453     154401
      0.15     516610     772005     122460     154401
      0.16     504277     772005     120935     154401
      0.17     474088     772005     116885     154401
      0.18     447383     772005     111321     154401
      0.19     443104     772005     111059     154401
       0.2     443104     772005     111059     154401
      0.21     444146     772005     111926     154401
      0.22     444146     772005     111926     154401
      0.23     411342     772005     103141     154401
      0.24     410682     772005     103164     154401
      0.25     410682     772005     103164     154401
      0.26     410682     772005     103164     154401
      0.27     381769     772005     105456     154401
      0.28     381769     772005     105456     154401
      0.29     381769     772005     105456     154401
       0.3     381272     772005     105470     154401
      0.31     381272     772005     105470     154401
      0.32     381272     772005     105470     154401
      0.33     377328     772005     104701     154401
      0.34     377329     772005     104704     154401
      0.35     377329     772005     104704     154401
      0.36     377329     772005     104704     154401
      0.37     377329     772005     104704     154401
      0.38     291900     772005    88450.7     154401
      0.39     291900     772005    88450.7     154401
       0.4     291900     772005    88450.7     154401
      0.41     291900     772005    88450.7     154401
      0.42     291900     772005    88450.7     154401
      0.43     291900     772005    88450.7     154401
      0.44     291900     772005    88450.7     154401
      0.45     270816     772005      87538     154401
      0.46     268464     772005    87837.9     154401
      0.47     268464     772005    87837.9     154401
      0.48     268464     772005    87837.9     154401
      0.49     268464     772005    87837.9     154401
       0.5     268464     772005    87837.9     154401
      0.51     268464     772005    87837.9     154401
      0.52     265714     772005    86479.6     154401
      0.53     265714     772005    86479.6     154401
      0.54     265714     772005    86479.6     154401
      0.55     265714     772005    86479.6     154401
      0.56     265714     772005    86479.6     154401
      0.57     216403     772005    75928.8     154401
      0.58     216403     772005    75928.8     154401
      0.59     216403     772005    75928.8     154401
       0.6     216403     772005    75928.8     154401
      0.61     216403     772005    75928.8     154401
      0.62     216403     772005    75928.8     154401
      0.63     216403     772005    75928.8     154401
      0.64     216403     772005    75928.8     154401
      0.65     216403     772005    75928.8     154401
      0.66     216403     772005    75928.8     154401
      0.67     216403     772005    75928.8     154401
      0.68     191023     772005    71212.2     154401
      0.69     191023     772005    71212.2     154401
       0.7     188254     772005    72767.7     154401
      0.71     188254     772005    72767.7     154401
      0.72     188254     772005    72767.7     154401
      0.73     188254     772005    72767.7     154401
      0.74     188254     772005    72767.7     154401
      0.75     188254     772005    72767.7     154401
      0.76     188254     772005    72767.7     154401
      0.77     188254     772005    72767.7     154401
      0.78     188254     772005    72767.7     154401
      0.79      92535     772005      48657     154401
       0.8      92535     772005      48657     154401
      0.81      92535     772005      48657     154401
      0.82      92535     772005      48657     154401
      0.83      92535     772005      48657     154401
      0.84      92535     772005      48657     154401
      0.85      92535     772005      48657     154401
      0.86      92535     772005      48657     154401
      0.87      92535     772005      48657     154401
      0.88      92535     772005      48657     154401
      0.89      92535     772005      48657     154401
       0.9      92535     772005      48657     154401
      0.91      92535     772005      48657     154401
      0.92      92535     772005      48657     154401
      0.93      92535     772005      48657     154401
      0.94      92535     772005      48657     154401
      0.95      92535     772005      48657     154401
      0.96      92535     772005      48657     154401
      0.97      92535     772005      48657     154401
      0.98      92535     772005      48657     154401
      0.99      92535     772005      48657     154401
