      0.01      21248      22429       6278       9660
      0.02      20588      22429       5780       7005
      0.03      20266      22429       5574       6254
      0.04      18840      22429       5100       5585
      0.05      18590      22429       4990       5323
      0.06      18139      22429       4809       5065
      0.07      17823      22429       4726       4928
      0.08      17673      22429       4643       4820
      0.09      17481      22429       4595       4761
       0.1      17102      22429       4344       4468
      0.11      16038      22429       4049       4165
      0.12      15652      22429       3967       4060
      0.13      15468      22429       3879       3959
      0.14      15300      22429       3838       3917
      0.15      15236      22429       3824       3898
      0.16      14548      22429       3663       3723
      0.17      13207      22429       3389       3449
      0.18      13055      22429       3341       3401
      0.19      12517      22429       3214       3251
       0.2      12521      22429       3213       3251
      0.21      11602      22429       2756       2794
      0.22      11605      22429       2755       2794
      0.23      11035      22429       2435       2472
      0.24      10876      22429       2403       2440
      0.25      10877      22429       2403       2440
      0.26      10875      22429       2403       2440
      0.27       9551      22429       2112       2150
      0.28       9555      22429       2113       2150
      0.29       9561      22429       2113       2150
       0.3       9451      22429       2085       2124
      0.31       9455      22429       2088       2124
      0.32       9450      22429       2087       2124
      0.33       9425      22429       2081       2118
      0.34       9420      22429       2080       2117
      0.35       9420      22429       2081       2117
      0.36       9417      22429       2080       2117
      0.37       9423      22429       2081       2117
      0.38       7461      22429       1688       1724
      0.39       7461      22429       1686       1724
       0.4       7458      22429       1687       1724
      0.41       7461      22429       1687       1724
      0.42       7460      22429       1688       1724
      0.43       7460      22429       1687       1724
      0.44       7459      22429       1687       1724
      0.45       6700      22429       1466       1502
      0.46       6345      22429       1391       1427
      0.47       6344      22429       1391       1427
      0.48       6342      22429       1391       1427
      0.49       6348      22429       1391       1427
       0.5       6349      22429       1391       1427
      0.51       6350      22429       1391       1427
      0.52       5720      22429       1265       1301
      0.53       5723      22429       1265       1301
      0.54       5719      22429       1265       1301
      0.55       5718      22429       1265       1301
      0.56       5712      22429       1265       1301
      0.57       4902      22429       1093       1129
      0.58       4906      22429       1093       1129
      0.59       4907      22429       1093       1129
       0.6       4906      22429       1093       1129
      0.61       4902      22429       1093       1129
      0.62       4901      22429       1093       1129
      0.63       4905      22429       1093       1129
      0.64       4901      22429       1093       1129
      0.65       4900      22429       1093       1129
      0.66       4905      22429       1092       1129
      0.67       4907      22429       1093       1129
      0.68       4000      22429        899        925
      0.69       4002      22429        899        925
       0.7       3357      22429        769        794
      0.71       3353      22429        769        794
      0.72       3352      22429        769        794
      0.73       3353      22429        769        794
      0.74       3353      22429        769        794
      0.75       3354      22429        769        794
      0.76       3353      22429        768        794
      0.77       3357      22429        769        794
      0.78       3353      22429        769        794
      0.79          0      22429          0          0
       0.8          0      22429          0          0
      0.81          0      22429          0          0
      0.82          0      22429          0          0
      0.83          0      22429          0          0
      0.84          0      22429          0          0
      0.85          0      22429          0          0
      0.86          0      22429          0          0
      0.87          0      22429          0          0
      0.88          0      22429          0          0
      0.89          0      22429          0          0
       0.9          0      22429          0          0
      0.91          0      22429          0          0
      0.92          0      22429          0          0
      0.93          0      22429          0          0
      0.94          0      22429          0          0
      0.95          0      22429          0          0
      0.96          0      22429          0          0
      0.97          0      22429          0          0
      0.98          0      22429          0          0
      0.99          0      22429          0          0
