      0.01     221339     772005    35065.9     154401
      0.02     319114     772005    72079.6     154401
      0.03     465133     772005     109657     154401
      0.04     455178     772005     109692     154401
      0.05     464140     772005     111783     154401
      0.06     404470     772005     118423     154401
      0.07     411077     772005     120789     154401
      0.08     417250     772005     123370     154401
      0.09     418529     772005     124317     154401
       0.1     418541     772005     124333     154401
      0.11     418541     772005     124333     154401
      0.12     417241     772005     123982     154401
      0.13     417241     772005     123982     154401
      0.14     404428     772005     124059     154401
      0.15     404428     772005     124059     154401
      0.16     404428     772005     124059     154401
      0.17     404428     772005     124059     154401
      0.18     404428     772005     124059     154401
      0.19     404428     772005     124059     154401
       0.2     404428     772005     124059     154401
      0.21     404428     772005     124059     154401
      0.22     404428     772005     124059     154401
      0.23     404428     772005     124059     154401
      0.24     404428     772005     124059     154401
      0.25     226096     772005      90628     154401
      0.26     226096     772005      90628     154401
      0.27     226096     772005      90628     154401
      0.28     226096     772005      90628     154401
      0.29     226096     772005      90628     154401
       0.3     226096     772005      90628     154401
      0.31     226096     772005      90628     154401
      0.32     226096     772005      90628     154401
      0.33     226096     772005      90628     154401
      0.34     226096     772005      90628     154401
      0.35     226096     772005      90628     154401
      0.36     226096     772005      90628     154401
      0.37     226096     772005      90628     154401
      0.38     226096     772005      90628     154401
      0.39     226096     772005      90628     154401
       0.4     226096     772005      90628     154401
      0.41     226096     772005      90628     154401
      0.42     226096     772005      90628     154401
      0.43     226096     772005      90628     154401
      0.44     226096     772005      90628     154401
      0.45     226096     772005      90628     154401
      0.46     226096     772005      90628     154401
      0.47     226096     772005      90628     154401
      0.48     226096     772005      90628     154401
      0.49     226096     772005      90628     154401
       0.5     226096     772005      90628     154401
      0.51     226096     772005      90628     154401
      0.52     226096     772005      90628     154401
      0.53     226096     772005      90628     154401
      0.54     226096     772005      90628     154401
      0.55     226096     772005      90628     154401
      0.56     226096     772005      90628     154401
      0.57     226096     772005      90628     154401
      0.58     226096     772005      90628     154401
      0.59     226096     772005      90628     154401
       0.6     226096     772005      90628     154401
      0.61     226096     772005      90628     154401
      0.62     226096     772005      90628     154401
      0.63     226096     772005      90628     154401
      0.64     226096     772005      90628     154401
      0.65     226096     772005      90628     154401
      0.66     226096     772005      90628     154401
      0.67     226096     772005      90628     154401
      0.68     226096     772005      90628     154401
      0.69     226096     772005      90628     154401
       0.7     226096     772005      90628     154401
      0.71     226096     772005      90628     154401
      0.72     226096     772005      90628     154401
      0.73     226096     772005      90628     154401
      0.74     226096     772005      90628     154401
      0.75     226096     772005      90628     154401
      0.76     226096     772005      90628     154401
      0.77     226096     772005      90628     154401
      0.78     226096     772005      90628     154401
      0.79     226096     772005      90628     154401
       0.8     226096     772005      90628     154401
      0.81     226096     772005      90628     154401
      0.82     226096     772005      90628     154401
      0.83     226096     772005      90628     154401
      0.84     226096     772005      90628     154401
      0.85     226096     772005      90628     154401
      0.86     226096     772005      90628     154401
      0.87     226096     772005      90628     154401
      0.88     226096     772005      90628     154401
      0.89     226096     772005      90628     154401
       0.9     226096     772005      90628     154401
      0.91     226096     772005      90628     154401
      0.92     226096     772005      90628     154401
      0.93     226096     772005      90628     154401
      0.94     226096     772005      90628     154401
      0.95     226096     772005      90628     154401
      0.96     226096     772005      90628     154401
      0.97     226096     772005      90628     154401
      0.98     226096     772005      90628     154401
      0.99     226096     772005      90628     154401
