      0.01   0.738019    4.69515
      0.02   0.771117    2.78122
      0.03   0.805227    1.79763
      0.04   0.785606    1.67006
      0.05   0.789891    1.58458
      0.06   0.656591    1.61895
      0.07   0.659895    1.55929
      0.08    0.66307     1.5059
      0.09   0.662547    1.48627
       0.1   0.662525    1.48552
      0.11   0.662525    1.48552
      0.12   0.658151    1.50592
      0.13   0.658151    1.50592
      0.14   0.635135    1.52383
      0.15   0.635135    1.52383
      0.16   0.635135    1.52383
      0.17   0.635135    1.52383
      0.18   0.635135    1.52383
      0.19   0.635135    1.52383
       0.2   0.635135    1.52383
      0.21   0.635135    1.52383
      0.22   0.635135    1.52383
      0.23   0.635135    1.52383
      0.24   0.635135    1.52383
      0.25   0.292864    2.14439
      0.26   0.292864    2.14439
      0.27   0.292864    2.14439
      0.28   0.292864    2.14439
      0.29   0.292864    2.14439
       0.3   0.292864    2.14439
      0.31   0.292864    2.14439
      0.32   0.292864    2.14439
      0.33   0.292864    2.14439
      0.34   0.292864    2.14439
      0.35   0.292864    2.14439
      0.36   0.292864    2.14439
      0.37   0.292864    2.14439
      0.38   0.292864    2.14439
      0.39   0.292864    2.14439
       0.4   0.292864    2.14439
      0.41   0.292864    2.14439
      0.42   0.292864    2.14439
      0.43   0.292864    2.14439
      0.44   0.292864    2.14439
      0.45   0.292864    2.14439
      0.46   0.292864    2.14439
      0.47   0.292864    2.14439
      0.48   0.292864    2.14439
      0.49   0.292864    2.14439
       0.5   0.292864    2.14439
      0.51   0.292864    2.14439
      0.52   0.292864    2.14439
      0.53   0.292864    2.14439
      0.54   0.292864    2.14439
      0.55   0.292864    2.14439
      0.56   0.292864    2.14439
      0.57   0.292864    2.14439
      0.58   0.292864    2.14439
      0.59   0.292864    2.14439
       0.6   0.292864    2.14439
      0.61   0.292864    2.14439
      0.62   0.292864    2.14439
      0.63   0.292864    2.14439
      0.64   0.292864    2.14439
      0.65   0.292864    2.14439
      0.66   0.292864    2.14439
      0.67   0.292864    2.14439
      0.68   0.292864    2.14439
      0.69   0.292864    2.14439
       0.7   0.292864    2.14439
      0.71   0.292864    2.14439
      0.72   0.292864    2.14439
      0.73   0.292864    2.14439
      0.74   0.292864    2.14439
      0.75   0.292864    2.14439
      0.76   0.292864    2.14439
      0.77   0.292864    2.14439
      0.78   0.292864    2.14439
      0.79   0.292864    2.14439
       0.8   0.292864    2.14439
      0.81   0.292864    2.14439
      0.82   0.292864    2.14439
      0.83   0.292864    2.14439
      0.84   0.292864    2.14439
      0.85   0.292864    2.14439
      0.86   0.292864    2.14439
      0.87   0.292864    2.14439
      0.88   0.292864    2.14439
      0.89   0.292864    2.14439
       0.9   0.292864    2.14439
      0.91   0.292864    2.14439
      0.92   0.292864    2.14439
      0.93   0.292864    2.14439
      0.94   0.292864    2.14439
      0.95   0.292864    2.14439
      0.96   0.292864    2.14439
      0.97   0.292864    2.14439
      0.98   0.292864    2.14439
      0.99   0.292864    2.14439
