      0.01     103424     772005    23915.8     154401
      0.02     180344     772005    48874.5     154401
      0.03     364496     772005    79491.7     154401
      0.04     362661     772005     100524     154401
      0.05     368465     772005     108593     154401
      0.06     376177     772005     110550     154401
      0.07     381310     772005     112642     154401
      0.08     395326     772005     119658     154401
      0.09     395479     772005     119986     154401
       0.1     395479     772005     119992     154401
      0.11     399467     772005     122401     154401
      0.12     397753     772005     122289     154401
      0.13     396053     772005     122260     154401
      0.14     412180     772005     132793     154401
      0.15     411084     772005     132566     154401
      0.16     412966     772005     134466     154401
      0.17     412966     772005     134466     154401
      0.18     412966     772005     134466     154401
      0.19     412966     772005     134466     154401
       0.2     412966     772005     134466     154401
      0.21     412519     772005     134438     154401
      0.22     412519     772005     134438     154401
      0.23     412519     772005     134438     154401
      0.24     412519     772005     134438     154401
      0.25     412519     772005     134438     154401
      0.26     412519     772005     134438     154401
      0.27     412519     772005     134438     154401
      0.28     412519     772005     134438     154401
      0.29     412519     772005     134438     154401
       0.3     412519     772005     134438     154401
      0.31     412519     772005     134438     154401
      0.32     412519     772005     134438     154401
      0.33     412519     772005     134438     154401
      0.34     315445     772005     121407     154401
      0.35     315445     772005     121407     154401
      0.36     315445     772005     121407     154401
      0.37     315445     772005     121407     154401
      0.38     315445     772005     121407     154401
      0.39     315445     772005     121407     154401
       0.4     315445     772005     121407     154401
      0.41     315445     772005     121407     154401
      0.42     315445     772005     121407     154401
      0.43     315445     772005     121407     154401
      0.44     315445     772005     121407     154401
      0.45     315445     772005     121407     154401
      0.46     315445     772005     121407     154401
      0.47     315445     772005     121407     154401
      0.48     315445     772005     121407     154401
      0.49     315445     772005     121407     154401
       0.5     315445     772005     121407     154401
      0.51     315445     772005     121407     154401
      0.52     315445     772005     121407     154401
      0.53     315445     772005     121407     154401
      0.54     315445     772005     121407     154401
      0.55     315445     772005     121407     154401
      0.56     315445     772005     121407     154401
      0.57     315445     772005     121407     154401
      0.58     315445     772005     121407     154401
      0.59     315445     772005     121407     154401
       0.6     315445     772005     121407     154401
      0.61     315445     772005     121407     154401
      0.62     315445     772005     121407     154401
      0.63     315445     772005     121407     154401
      0.64     315445     772005     121407     154401
      0.65     315445     772005     121407     154401
      0.66     315445     772005     121407     154401
      0.67     315445     772005     121407     154401
      0.68     315445     772005     121407     154401
      0.69     315445     772005     121407     154401
       0.7     315445     772005     121407     154401
      0.71     315445     772005     121407     154401
      0.72     315445     772005     121407     154401
      0.73     315445     772005     121407     154401
      0.74     315445     772005     121407     154401
      0.75     315445     772005     121407     154401
      0.76     315445     772005     121407     154401
      0.77     315445     772005     121407     154401
      0.78     315445     772005     121407     154401
      0.79     315445     772005     121407     154401
       0.8     315445     772005     121407     154401
      0.81     315445     772005     121407     154401
      0.82     315445     772005     121407     154401
      0.83     315445     772005     121407     154401
      0.84     315445     772005     121407     154401
      0.85     315445     772005     121407     154401
      0.86     315445     772005     121407     154401
      0.87     315445     772005     121407     154401
      0.88     315445     772005     121407     154401
      0.89     315445     772005     121407     154401
       0.9     315445     772005     121407     154401
      0.91     315445     772005     121407     154401
      0.92     315445     772005     121407     154401
      0.93     315445     772005     121407     154401
      0.94     315445     772005     121407     154401
      0.95     315445     772005     121407     154401
      0.96     315445     772005     121407     154401
      0.97     315445     772005     121407     154401
      0.98     315445     772005     121407     154401
      0.99     315445     772005     121407     154401
