      0.01      10784      12349       4483      10785
      0.02       8693      12349       2723       4814
      0.03       7814      12349       2103       3008
      0.04       6999      12349       1729       2284
      0.05       6919      12349       1681       2123
      0.06       6378      12349       1397       1735
      0.07       6338      12349       1379       1494
      0.08       6317      12349       1371       1456
      0.09       6165      12349       1298       1360
       0.1       6158      12349       1295       1357
      0.11       6161      12349       1295       1357
      0.12       5846      12349       1233       1295
      0.13       5851      12349       1233       1295
      0.14       4920      12349       1027       1033
      0.15       4921      12349       1027       1033
      0.16       4917      12349       1027       1033
      0.17       4921      12349       1027       1033
      0.18       4920      12349       1027       1033
      0.19       4918      12349       1027       1033
       0.2       4918      12349       1027       1033
      0.21       4922      12349       1027       1033
      0.22       4916      12349       1027       1033
      0.23       4920      12349       1027       1033
      0.24       4920      12349       1027       1033
      0.25          0      12349          0          0
      0.26          0      12349          0          0
      0.27          0      12349          0          0
      0.28          0      12349          0          0
      0.29          0      12349          0          0
       0.3          0      12349          0          0
      0.31          0      12349          0          0
      0.32          0      12349          0          0
      0.33          0      12349          0          0
      0.34          0      12349          0          0
      0.35          0      12349          0          0
      0.36          0      12349          0          0
      0.37          0      12349          0          0
      0.38          0      12349          0          0
      0.39          0      12349          0          0
       0.4          0      12349          0          0
      0.41          0      12349          0          0
      0.42          0      12349          0          0
      0.43          0      12349          0          0
      0.44          0      12349          0          0
      0.45          0      12349          0          0
      0.46          0      12349          0          0
      0.47          0      12349          0          0
      0.48          0      12349          0          0
      0.49          0      12349          0          0
       0.5          0      12349          0          0
      0.51          0      12349          0          0
      0.52          0      12349          0          0
      0.53          0      12349          0          0
      0.54          0      12349          0          0
      0.55          0      12349          0          0
      0.56          0      12349          0          0
      0.57          0      12349          0          0
      0.58          0      12349          0          0
      0.59          0      12349          0          0
       0.6          0      12349          0          0
      0.61          0      12349          0          0
      0.62          0      12349          0          0
      0.63          0      12349          0          0
      0.64          0      12349          0          0
      0.65          0      12349          0          0
      0.66          0      12349          0          0
      0.67          0      12349          0          0
      0.68          0      12349          0          0
      0.69          0      12349          0          0
       0.7          0      12349          0          0
      0.71          0      12349          0          0
      0.72          0      12349          0          0
      0.73          0      12349          0          0
      0.74          0      12349          0          0
      0.75          0      12349          0          0
      0.76          0      12349          0          0
      0.77          0      12349          0          0
      0.78          0      12349          0          0
      0.79          0      12349          0          0
       0.8          0      12349          0          0
      0.81          0      12349          0          0
      0.82          0      12349          0          0
      0.83          0      12349          0          0
      0.84          0      12349          0          0
      0.85          0      12349          0          0
      0.86          0      12349          0          0
      0.87          0      12349          0          0
      0.88          0      12349          0          0
      0.89          0      12349          0          0
       0.9          0      12349          0          0
      0.91          0      12349          0          0
      0.92          0      12349          0          0
      0.93          0      12349          0          0
      0.94          0      12349          0          0
      0.95          0      12349          0          0
      0.96          0      12349          0          0
      0.97          0      12349          0          0
      0.98          0      12349          0          0
      0.99          0      12349          0          0
