      0.01   0.600782    6.39779
      0.02    0.62086    4.26941
      0.03    0.69395    2.72177
      0.04   0.682715    2.18771
      0.05   0.592663    2.15472
      0.06   0.594213    2.07371
      0.07   0.594131    2.01292
      0.08   0.597885    1.85988
      0.09   0.597896    1.85128
       0.1   0.597898     1.8498
      0.11    0.60078    1.79256
      0.12   0.596241    1.80051
      0.13   0.595643    1.80153
      0.14   0.605867    1.63401
      0.15   0.603099    1.63927
      0.16   0.601126    1.59629
      0.17   0.601126    1.59629
      0.18   0.601126    1.59629
      0.19   0.601126    1.59629
       0.2   0.601126    1.59629
      0.21   0.599361    1.59424
      0.22   0.599361    1.59424
      0.23   0.599361    1.59424
      0.24   0.599361    1.59424
      0.25   0.599361    1.59424
      0.26   0.599361    1.59424
      0.27   0.599361    1.59424
      0.28   0.599361    1.59424
      0.29   0.599361    1.59424
       0.3   0.599361    1.59424
      0.31   0.599361    1.59424
      0.32   0.599361    1.59424
      0.33   0.599361    1.59424
      0.34   0.408602    1.88365
      0.35   0.408602    1.88365
      0.36   0.408602    1.88365
      0.37   0.408602    1.88365
      0.38   0.408602    1.88365
      0.39   0.408602    1.88365
       0.4   0.408602    1.88365
      0.41   0.408602    1.88365
      0.42   0.408602    1.88365
      0.43   0.408602    1.88365
      0.44   0.408602    1.88365
      0.45   0.408602    1.88365
      0.46   0.408602    1.88365
      0.47   0.408602    1.88365
      0.48   0.408602    1.88365
      0.49   0.408602    1.88365
       0.5   0.408602    1.88365
      0.51   0.408602    1.88365
      0.52   0.408602    1.88365
      0.53   0.408602    1.88365
      0.54   0.408602    1.88365
      0.55   0.408602    1.88365
      0.56   0.408602    1.88365
      0.57   0.408602    1.88365
      0.58   0.408602    1.88365
      0.59   0.408602    1.88365
       0.6   0.408602    1.88365
      0.61   0.408602    1.88365
      0.62   0.408602    1.88365
      0.63   0.408602    1.88365
      0.64   0.408602    1.88365
      0.65   0.408602    1.88365
      0.66   0.408602    1.88365
      0.67   0.408602    1.88365
      0.68   0.408602    1.88365
      0.69   0.408602    1.88365
       0.7   0.408602    1.88365
      0.71   0.408602    1.88365
      0.72   0.408602    1.88365
      0.73   0.408602    1.88365
      0.74   0.408602    1.88365
      0.75   0.408602    1.88365
      0.76   0.408602    1.88365
      0.77   0.408602    1.88365
      0.78   0.408602    1.88365
      0.79   0.408602    1.88365
       0.8   0.408602    1.88365
      0.81   0.408602    1.88365
      0.82   0.408602    1.88365
      0.83   0.408602    1.88365
      0.84   0.408602    1.88365
      0.85   0.408602    1.88365
      0.86   0.408602    1.88365
      0.87   0.408602    1.88365
      0.88   0.408602    1.88365
      0.89   0.408602    1.88365
       0.9   0.408602    1.88365
      0.91   0.408602    1.88365
      0.92   0.408602    1.88365
      0.93   0.408602    1.88365
      0.94   0.408602    1.88365
      0.95   0.408602    1.88365
      0.96   0.408602    1.88365
      0.97   0.408602    1.88365
      0.98   0.408602    1.88365
      0.99   0.408602    1.88365
