      0.01      12612      13614       4683      15546
      0.02      11753      13614       3909       8038
      0.03      10862      13614       3034       4732
      0.04       8239      13614       2089       2967
      0.05       7479      13614       1686       2371
      0.06       7227      13614       1603       2112
      0.07       7081      13614       1548       1887
      0.08       6875      13614       1474       1687
      0.09       6811      13614       1453       1653
       0.1       6760      13614       1440       1640
      0.11       6761      13614       1440       1498
      0.12       6515      13614       1381       1434
      0.13       6194      13614       1309       1357
      0.14       5740      13614       1177       1179
      0.15       5511      13614       1130       1132
      0.16       5043      13614       1033       1035
      0.17       5044      13614       1033       1035
      0.18       5043      13614       1033       1035
      0.19       5045      13614       1033       1035
       0.2       5040      13614       1033       1035
      0.21       4881      13614        997        999
      0.22       4884      13614        997        999
      0.23       4886      13614        997        999
      0.24       4882      13614        997        999
      0.25       4887      13614        997        999
      0.26       4883      13614        997        999
      0.27       4886      13614        997        999
      0.28       4888      13614        997        999
      0.29       4888      13614        997        999
       0.3       4883      13614        997        999
      0.31       4884      13614        997        999
      0.32       4884      13614        997        999
      0.33       4883      13614        997        999
      0.34          0      13614          0          0
      0.35          0      13614          0          0
      0.36          0      13614          0          0
      0.37          0      13614          0          0
      0.38          0      13614          0          0
      0.39          0      13614          0          0
       0.4          0      13614          0          0
      0.41          0      13614          0          0
      0.42          0      13614          0          0
      0.43          0      13614          0          0
      0.44          0      13614          0          0
      0.45          0      13614          0          0
      0.46          0      13614          0          0
      0.47          0      13614          0          0
      0.48          0      13614          0          0
      0.49          0      13614          0          0
       0.5          0      13614          0          0
      0.51          0      13614          0          0
      0.52          0      13614          0          0
      0.53          0      13614          0          0
      0.54          0      13614          0          0
      0.55          0      13614          0          0
      0.56          0      13614          0          0
      0.57          0      13614          0          0
      0.58          0      13614          0          0
      0.59          0      13614          0          0
       0.6          0      13614          0          0
      0.61          0      13614          0          0
      0.62          0      13614          0          0
      0.63          0      13614          0          0
      0.64          0      13614          0          0
      0.65          0      13614          0          0
      0.66          0      13614          0          0
      0.67          0      13614          0          0
      0.68          0      13614          0          0
      0.69          0      13614          0          0
       0.7          0      13614          0          0
      0.71          0      13614          0          0
      0.72          0      13614          0          0
      0.73          0      13614          0          0
      0.74          0      13614          0          0
      0.75          0      13614          0          0
      0.76          0      13614          0          0
      0.77          0      13614          0          0
      0.78          0      13614          0          0
      0.79          0      13614          0          0
       0.8          0      13614          0          0
      0.81          0      13614          0          0
      0.82          0      13614          0          0
      0.83          0      13614          0          0
      0.84          0      13614          0          0
      0.85          0      13614          0          0
      0.86          0      13614          0          0
      0.87          0      13614          0          0
      0.88          0      13614          0          0
      0.89          0      13614          0          0
       0.9          0      13614          0          0
      0.91          0      13614          0          0
      0.92          0      13614          0          0
      0.93          0      13614          0          0
      0.94          0      13614          0          0
      0.95          0      13614          0          0
      0.96          0      13614          0          0
      0.97          0      13614          0          0
      0.98          0      13614          0          0
      0.99          0      13614          0          0
