      0.01       7777       8019       2431      13279
      0.02       7601       8019       2135       7115
      0.03       7156       8019       1784       4095
      0.04       6884       8019       1647       2965
      0.05       6612       8019       1526       2227
      0.06       6326       8019       1444       1870
      0.07       6320       8019       1438       1843
      0.08       6149       8019       1334       1556
      0.09       6106       8019       1314       1482
       0.1       6106       8019       1314       1482
      0.11       6105       8019       1313       1482
      0.12       4812       8019       1014       1061
      0.13       4812       8019       1014       1061
      0.14       4198       8019        888        935
      0.15       4199       8019        888        890
      0.16       4200       8019        888        890
      0.17       4200       8019        888        890
      0.18       4199       8019        888        890
      0.19       4195       8019        888        890
       0.2       4199       8019        888        890
      0.21       4199       8019        888        890
      0.22       4200       8019        888        890
      0.23       4199       8019        887        890
      0.24          0       8019          0          0
      0.25          0       8019          0          0
      0.26          0       8019          0          0
      0.27          0       8019          0          0
      0.28          0       8019          0          0
      0.29          0       8019          0          0
       0.3          0       8019          0          0
      0.31          0       8019          0          0
      0.32          0       8019          0          0
      0.33          0       8019          0          0
      0.34          0       8019          0          0
      0.35          0       8019          0          0
      0.36          0       8019          0          0
      0.37          0       8019          0          0
      0.38          0       8019          0          0
      0.39          0       8019          0          0
       0.4          0       8019          0          0
      0.41          0       8019          0          0
      0.42          0       8019          0          0
      0.43          0       8019          0          0
      0.44          0       8019          0          0
      0.45          0       8019          0          0
      0.46          0       8019          0          0
      0.47          0       8019          0          0
      0.48          0       8019          0          0
      0.49          0       8019          0          0
       0.5          0       8019          0          0
      0.51          0       8019          0          0
      0.52          0       8019          0          0
      0.53          0       8019          0          0
      0.54          0       8019          0          0
      0.55          0       8019          0          0
      0.56          0       8019          0          0
      0.57          0       8019          0          0
      0.58          0       8019          0          0
      0.59          0       8019          0          0
       0.6          0       8019          0          0
      0.61          0       8019          0          0
      0.62          0       8019          0          0
      0.63          0       8019          0          0
      0.64          0       8019          0          0
      0.65          0       8019          0          0
      0.66          0       8019          0          0
      0.67          0       8019          0          0
      0.68          0       8019          0          0
      0.69          0       8019          0          0
       0.7          0       8019          0          0
      0.71          0       8019          0          0
      0.72          0       8019          0          0
      0.73          0       8019          0          0
      0.74          0       8019          0          0
      0.75          0       8019          0          0
      0.76          0       8019          0          0
      0.77          0       8019          0          0
      0.78          0       8019          0          0
      0.79          0       8019          0          0
       0.8          0       8019          0          0
      0.81          0       8019          0          0
      0.82          0       8019          0          0
      0.83          0       8019          0          0
      0.84          0       8019          0          0
      0.85          0       8019          0          0
      0.86          0       8019          0          0
      0.87          0       8019          0          0
      0.88          0       8019          0          0
      0.89          0       8019          0          0
       0.9          0       8019          0          0
      0.91          0       8019          0          0
      0.92          0       8019          0          0
      0.93          0       8019          0          0
      0.94          0       8019          0          0
      0.95          0       8019          0          0
      0.96          0       8019          0          0
      0.97          0       8019          0          0
      0.98          0       8019          0          0
      0.99          0       8019          0          0
