      0.01     0.7506    5.10295
      0.02   0.891543    2.51801
      0.03   0.901627    1.75308
      0.04   0.920052    1.31497
      0.05   0.899348    1.18458
      0.06   0.903648    1.06873
      0.07   0.921454   0.926299
      0.08   0.881982    1.13313
      0.09   0.762266     1.4728
       0.1   0.760029    1.45311
      0.11   0.287447    2.22232
      0.12   0.287447    2.22232
      0.13   0.283806    2.18092
      0.14    0.28237    2.13803
      0.15    0.28237    2.13803
      0.16    0.28237    2.13803
      0.17    0.28237    2.13803
      0.18    0.28237    2.13803
      0.19    0.28237    2.13803
       0.2    0.28237    2.13803
      0.21    0.28237    2.13803
      0.22    0.28237    2.13803
      0.23    0.28237    2.13803
      0.24    0.28237    2.13803
      0.25    0.28237    2.13803
      0.26    0.28237    2.13803
      0.27    0.28237    2.13803
      0.28    0.28237    2.13803
      0.29    0.28237    2.13803
       0.3    0.28237    2.13803
      0.31    0.28237    2.13803
      0.32    0.28237    2.13803
      0.33    0.28237    2.13803
      0.34    0.28237    2.13803
      0.35    0.28237    2.13803
      0.36    0.28237    2.13803
      0.37    0.28237    2.13803
      0.38    0.28237    2.13803
      0.39    0.28237    2.13803
       0.4    0.28237    2.13803
      0.41    0.28237    2.13803
      0.42    0.28237    2.13803
      0.43    0.28237    2.13803
      0.44    0.28237    2.13803
      0.45    0.28237    2.13803
      0.46    0.28237    2.13803
      0.47    0.28237    2.13803
      0.48    0.28237    2.13803
      0.49    0.28237    2.13803
       0.5    0.28237    2.13803
      0.51    0.28237    2.13803
      0.52    0.28237    2.13803
      0.53    0.28237    2.13803
      0.54    0.28237    2.13803
      0.55    0.28237    2.13803
      0.56    0.28237    2.13803
      0.57    0.28237    2.13803
      0.58    0.28237    2.13803
      0.59    0.28237    2.13803
       0.6    0.28237    2.13803
      0.61    0.28237    2.13803
      0.62    0.28237    2.13803
      0.63    0.28237    2.13803
      0.64    0.28237    2.13803
      0.65    0.28237    2.13803
      0.66    0.28237    2.13803
      0.67    0.28237    2.13803
      0.68    0.28237    2.13803
      0.69    0.28237    2.13803
       0.7    0.28237    2.13803
      0.71    0.28237    2.13803
      0.72    0.28237    2.13803
      0.73    0.28237    2.13803
      0.74    0.28237    2.13803
      0.75    0.28237    2.13803
      0.76    0.28237    2.13803
      0.77    0.28237    2.13803
      0.78    0.28237    2.13803
      0.79    0.28237    2.13803
       0.8    0.28237    2.13803
      0.81    0.28237    2.13803
      0.82    0.28237    2.13803
      0.83    0.28237    2.13803
      0.84    0.28237    2.13803
      0.85    0.28237    2.13803
      0.86    0.28237    2.13803
      0.87    0.28237    2.13803
      0.88    0.28237    2.13803
      0.89    0.28237    2.13803
       0.9    0.28237    2.13803
      0.91    0.28237    2.13803
      0.92    0.28237    2.13803
      0.93    0.28237    2.13803
      0.94    0.28237    2.13803
      0.95    0.28237    2.13803
      0.96    0.28237    2.13803
      0.97    0.28237    2.13803
      0.98    0.28237    2.13803
      0.99    0.28237    2.13803
