      0.01     204115     926406    17860.8     154401
      0.02     553449     926406    82628.8     154401
      0.03     638195     926406    94586.6     154401
      0.04     709450     926406     108231     154401
      0.05     680699     926406     108304     154401
      0.06     706565     926406     114835     154401
      0.07     727354     926406     122234     154401
      0.08     658902     926406     112596     154401
      0.09     524603     926406    94549.1     154401
       0.1     523473     926406    95082.3     154401
      0.11     258069     926406      67768     154401
      0.12     258069     926406      67768     154401
      0.13     259330     926406    68733.5     154401
      0.14     261594     926406      70194     154401
      0.15     261594     926406      70194     154401
      0.16     261594     926406      70194     154401
      0.17     261594     926406      70194     154401
      0.18     261594     926406      70194     154401
      0.19     261594     926406      70194     154401
       0.2     261594     926406      70194     154401
      0.21     261594     926406      70194     154401
      0.22     261594     926406      70194     154401
      0.23     261594     926406      70194     154401
      0.24     261594     926406      70194     154401
      0.25     261594     926406      70194     154401
      0.26     261594     926406      70194     154401
      0.27     261594     926406      70194     154401
      0.28     261594     926406      70194     154401
      0.29     261594     926406      70194     154401
       0.3     261594     926406      70194     154401
      0.31     261594     926406      70194     154401
      0.32     261594     926406      70194     154401
      0.33     261594     926406      70194     154401
      0.34     261594     926406      70194     154401
      0.35     261594     926406      70194     154401
      0.36     261594     926406      70194     154401
      0.37     261594     926406      70194     154401
      0.38     261594     926406      70194     154401
      0.39     261594     926406      70194     154401
       0.4     261594     926406      70194     154401
      0.41     261594     926406      70194     154401
      0.42     261594     926406      70194     154401
      0.43     261594     926406      70194     154401
      0.44     261594     926406      70194     154401
      0.45     261594     926406      70194     154401
      0.46     261594     926406      70194     154401
      0.47     261594     926406      70194     154401
      0.48     261594     926406      70194     154401
      0.49     261594     926406      70194     154401
       0.5     261594     926406      70194     154401
      0.51     261594     926406      70194     154401
      0.52     261594     926406      70194     154401
      0.53     261594     926406      70194     154401
      0.54     261594     926406      70194     154401
      0.55     261594     926406      70194     154401
      0.56     261594     926406      70194     154401
      0.57     261594     926406      70194     154401
      0.58     261594     926406      70194     154401
      0.59     261594     926406      70194     154401
       0.6     261594     926406      70194     154401
      0.61     261594     926406      70194     154401
      0.62     261594     926406      70194     154401
      0.63     261594     926406      70194     154401
      0.64     261594     926406      70194     154401
      0.65     261594     926406      70194     154401
      0.66     261594     926406      70194     154401
      0.67     261594     926406      70194     154401
      0.68     261594     926406      70194     154401
      0.69     261594     926406      70194     154401
       0.7     261594     926406      70194     154401
      0.71     261594     926406      70194     154401
      0.72     261594     926406      70194     154401
      0.73     261594     926406      70194     154401
      0.74     261594     926406      70194     154401
      0.75     261594     926406      70194     154401
      0.76     261594     926406      70194     154401
      0.77     261594     926406      70194     154401
      0.78     261594     926406      70194     154401
      0.79     261594     926406      70194     154401
       0.8     261594     926406      70194     154401
      0.81     261594     926406      70194     154401
      0.82     261594     926406      70194     154401
      0.83     261594     926406      70194     154401
      0.84     261594     926406      70194     154401
      0.85     261594     926406      70194     154401
      0.86     261594     926406      70194     154401
      0.87     261594     926406      70194     154401
      0.88     261594     926406      70194     154401
      0.89     261594     926406      70194     154401
       0.9     261594     926406      70194     154401
      0.91     261594     926406      70194     154401
      0.92     261594     926406      70194     154401
      0.93     261594     926406      70194     154401
      0.94     261594     926406      70194     154401
      0.95     261594     926406      70194     154401
      0.96     261594     926406      70194     154401
      0.97     261594     926406      70194     154401
      0.98     261594     926406      70194     154401
      0.99     261594     926406      70194     154401
