      0.01      10029      10440       3168       8805
      0.02       8968      10440       2419       4028
      0.03       8381      10440       2097       3062
      0.04       8042      10440       1894       2411
      0.05       7622      10440       1721       2017
      0.06       7334      10440       1606       1889
      0.07       6496      10440       1432       1638
      0.08       6206      10440       1347       1535
      0.09       5282      10440       1096       1208
       0.1       5283      10440       1096       1208
      0.11       4206      10440        824        895
      0.12       3743      10440        696        747
      0.13       3742      10440        696        747
      0.14       3744      10440        696        747
      0.15       3743      10440        695        747
      0.16       3743      10440        696        747
      0.17       3746      10440        696        747
      0.18       3743      10440        696        747
      0.19       3577      10440        609        609
       0.2       3577      10440        609        609
      0.21       3576      10440        609        609
      0.22       3576      10440        609        609
      0.23       3577      10440        609        609
      0.24       3576      10440        609        609
      0.25       3576      10440        609        609
      0.26       3577      10440        609        609
      0.27       3577      10440        609        609
      0.28       3576      10440        609        609
      0.29       3576      10440        609        609
       0.3       3576      10440        609        609
      0.31       3577      10440        609        609
      0.32       3577      10440        609        609
      0.33       3575      10440        609        609
      0.34       3571      10440        609        609
      0.35       3576      10440        609        609
      0.36       3577      10440        609        609
      0.37       3577      10440        609        609
      0.38       3575      10440        609        609
      0.39       3575      10440        609        609
       0.4       3575      10440        609        609
      0.41       3577      10440        609        609
      0.42       3575      10440        609        609
      0.43       3577      10440        609        609
      0.44       3576      10440        609        609
      0.45       3574      10440        609        609
      0.46       3576      10440        609        609
      0.47       3577      10440        609        609
      0.48          0      10440          0          0
      0.49          0      10440          0          0
       0.5          0      10440          0          0
      0.51          0      10440          0          0
      0.52          0      10440          0          0
      0.53          0      10440          0          0
      0.54          0      10440          0          0
      0.55          0      10440          0          0
      0.56          0      10440          0          0
      0.57          0      10440          0          0
      0.58          0      10440          0          0
      0.59          0      10440          0          0
       0.6          0      10440          0          0
      0.61          0      10440          0          0
      0.62          0      10440          0          0
      0.63          0      10440          0          0
      0.64          0      10440          0          0
      0.65          0      10440          0          0
      0.66          0      10440          0          0
      0.67          0      10440          0          0
      0.68          0      10440          0          0
      0.69          0      10440          0          0
       0.7          0      10440          0          0
      0.71          0      10440          0          0
      0.72          0      10440          0          0
      0.73          0      10440          0          0
      0.74          0      10440          0          0
      0.75          0      10440          0          0
      0.76          0      10440          0          0
      0.77          0      10440          0          0
      0.78          0      10440          0          0
      0.79          0      10440          0          0
       0.8          0      10440          0          0
      0.81          0      10440          0          0
      0.82          0      10440          0          0
      0.83          0      10440          0          0
      0.84          0      10440          0          0
      0.85          0      10440          0          0
      0.86          0      10440          0          0
      0.87          0      10440          0          0
      0.88          0      10440          0          0
      0.89          0      10440          0          0
       0.9          0      10440          0          0
      0.91          0      10440          0          0
      0.92          0      10440          0          0
      0.93          0      10440          0          0
      0.94          0      10440          0          0
      0.95          0      10440          0          0
      0.96          0      10440          0          0
      0.97          0      10440          0          0
      0.98          0      10440          0          0
      0.99          0      10440          0          0
