      0.01   0.819046    3.22532
      0.02   0.951207    1.43033
      0.03   0.953273    1.24137
      0.04   0.957851    1.04555
      0.05   0.948709   0.995576
      0.06   0.948382   0.975855
      0.07   0.886468    1.24569
      0.08   0.883718    1.23296
      0.09   0.843903    1.34217
       0.1   0.843903    1.34217
      0.11   0.807079    1.38595
      0.12   0.803832    1.37413
      0.13   0.803832    1.37413
      0.14   0.803832    1.37413
      0.15   0.803832    1.37413
      0.16   0.803832    1.37413
      0.17   0.803832    1.37413
      0.18   0.803832    1.37413
      0.19   0.778177    1.36569
       0.2   0.778177    1.36569
      0.21   0.778177    1.36569
      0.22   0.778177    1.36569
      0.23   0.778177    1.36569
      0.24   0.778177    1.36569
      0.25   0.778177    1.36569
      0.26   0.778177    1.36569
      0.27   0.778177    1.36569
      0.28   0.778177    1.36569
      0.29   0.778177    1.36569
       0.3   0.778177    1.36569
      0.31   0.778177    1.36569
      0.32   0.778177    1.36569
      0.33   0.778177    1.36569
      0.34   0.778177    1.36569
      0.35   0.778177    1.36569
      0.36   0.778177    1.36569
      0.37   0.778177    1.36569
      0.38   0.778177    1.36569
      0.39   0.778177    1.36569
       0.4   0.778177    1.36569
      0.41   0.778177    1.36569
      0.42   0.778177    1.36569
      0.43   0.778177    1.36569
      0.44   0.778177    1.36569
      0.45   0.778177    1.36569
      0.46   0.778177    1.36569
      0.47   0.778177    1.36569
      0.48   0.286089    2.28623
      0.49   0.286089    2.28623
       0.5   0.286089    2.28623
      0.51   0.286089    2.28623
      0.52   0.286089    2.28623
      0.53   0.286089    2.28623
      0.54   0.286089    2.28623
      0.55   0.286089    2.28623
      0.56   0.286089    2.28623
      0.57   0.286089    2.28623
      0.58   0.286089    2.28623
      0.59   0.286089    2.28623
       0.6   0.286089    2.28623
      0.61   0.286089    2.28623
      0.62   0.286089    2.28623
      0.63   0.286089    2.28623
      0.64   0.286089    2.28623
      0.65   0.286089    2.28623
      0.66   0.286089    2.28623
      0.67   0.286089    2.28623
      0.68   0.286089    2.28623
      0.69   0.286089    2.28623
       0.7   0.286089    2.28623
      0.71   0.286089    2.28623
      0.72   0.286089    2.28623
      0.73   0.286089    2.28623
      0.74   0.286089    2.28623
      0.75   0.286089    2.28623
      0.76   0.286089    2.28623
      0.77   0.286089    2.28623
      0.78   0.286089    2.28623
      0.79   0.286089    2.28623
       0.8   0.286089    2.28623
      0.81   0.286089    2.28623
      0.82   0.286089    2.28623
      0.83   0.286089    2.28623
      0.84   0.286089    2.28623
      0.85   0.286089    2.28623
      0.86   0.286089    2.28623
      0.87   0.286089    2.28623
      0.88   0.286089    2.28623
      0.89   0.286089    2.28623
       0.9   0.286089    2.28623
      0.91   0.286089    2.28623
      0.92   0.286089    2.28623
      0.93   0.286089    2.28623
      0.94   0.286089    2.28623
      0.95   0.286089    2.28623
      0.96   0.286089    2.28623
      0.97   0.286089    2.28623
      0.98   0.286089    2.28623
      0.99   0.286089    2.28623
