      0.01     387819     926406    50624.4     154401
      0.02     683637     926406     116082     154401
      0.03     697340     926406     120708     154401
      0.04     718536     926406     130466     154401
      0.05     704975     926406     136281     154401
      0.06     706328     926406     138311     154401
      0.07     606199     926406     116173     154401
      0.08     603600     926406     115933     154401
      0.09     572848     926406     108020     154401
       0.1     572848     926406     108020     154401
      0.11     556438     926406     110240     154401
      0.12     554899     926406     110758     154401
      0.13     554899     926406     110758     154401
      0.14     554899     926406     110758     154401
      0.15     554899     926406     110758     154401
      0.16     554899     926406     110758     154401
      0.17     554899     926406     110758     154401
      0.18     554899     926406     110758     154401
      0.19     544994     926406     107527     154401
       0.2     544994     926406     107527     154401
      0.21     544994     926406     107527     154401
      0.22     544994     926406     107527     154401
      0.23     544994     926406     107527     154401
      0.24     544994     926406     107527     154401
      0.25     544994     926406     107527     154401
      0.26     544994     926406     107527     154401
      0.27     544994     926406     107527     154401
      0.28     544994     926406     107527     154401
      0.29     544994     926406     107527     154401
       0.3     544994     926406     107527     154401
      0.31     544994     926406     107527     154401
      0.32     544994     926406     107527     154401
      0.33     544994     926406     107527     154401
      0.34     544994     926406     107527     154401
      0.35     544994     926406     107527     154401
      0.36     544994     926406     107527     154401
      0.37     544994     926406     107527     154401
      0.38     544994     926406     107527     154401
      0.39     544994     926406     107527     154401
       0.4     544994     926406     107527     154401
      0.41     544994     926406     107527     154401
      0.42     544994     926406     107527     154401
      0.43     544994     926406     107527     154401
      0.44     544994     926406     107527     154401
      0.45     544994     926406     107527     154401
      0.46     544994     926406     107527     154401
      0.47     544994     926406     107527     154401
      0.48     265039     926406      72658     154401
      0.49     265039     926406      72658     154401
       0.5     265039     926406      72658     154401
      0.51     265039     926406      72658     154401
      0.52     265039     926406      72658     154401
      0.53     265039     926406      72658     154401
      0.54     265039     926406      72658     154401
      0.55     265039     926406      72658     154401
      0.56     265039     926406      72658     154401
      0.57     265039     926406      72658     154401
      0.58     265039     926406      72658     154401
      0.59     265039     926406      72658     154401
       0.6     265039     926406      72658     154401
      0.61     265039     926406      72658     154401
      0.62     265039     926406      72658     154401
      0.63     265039     926406      72658     154401
      0.64     265039     926406      72658     154401
      0.65     265039     926406      72658     154401
      0.66     265039     926406      72658     154401
      0.67     265039     926406      72658     154401
      0.68     265039     926406      72658     154401
      0.69     265039     926406      72658     154401
       0.7     265039     926406      72658     154401
      0.71     265039     926406      72658     154401
      0.72     265039     926406      72658     154401
      0.73     265039     926406      72658     154401
      0.74     265039     926406      72658     154401
      0.75     265039     926406      72658     154401
      0.76     265039     926406      72658     154401
      0.77     265039     926406      72658     154401
      0.78     265039     926406      72658     154401
      0.79     265039     926406      72658     154401
       0.8     265039     926406      72658     154401
      0.81     265039     926406      72658     154401
      0.82     265039     926406      72658     154401
      0.83     265039     926406      72658     154401
      0.84     265039     926406      72658     154401
      0.85     265039     926406      72658     154401
      0.86     265039     926406      72658     154401
      0.87     265039     926406      72658     154401
      0.88     265039     926406      72658     154401
      0.89     265039     926406      72658     154401
       0.9     265039     926406      72658     154401
      0.91     265039     926406      72658     154401
      0.92     265039     926406      72658     154401
      0.93     265039     926406      72658     154401
      0.94     265039     926406      72658     154401
      0.95     265039     926406      72658     154401
      0.96     265039     926406      72658     154401
      0.97     265039     926406      72658     154401
      0.98     265039     926406      72658     154401
      0.99     265039     926406      72658     154401
