      0.01     218332     772005    51370.2     154401
      0.02     391966     772005    96181.6     154401
      0.03     441368     772005     113347     154401
      0.04     447268     772005     112773     154401
      0.05     453878     772005     117023     154401
      0.06     464749     772005     123464     154401
      0.07     473853     772005     122699     154401
      0.08     470245     772005     122415     154401
      0.09     468880     772005     122388     154401
       0.1     467553     772005     121863     154401
      0.11     429580     772005     112829     154401
      0.12     355924     772005    99712.4     154401
      0.13     355924     772005    99712.4     154401
      0.14     355924     772005    99712.4     154401
      0.15     311919     772005    91417.5     154401
      0.16     311919     772005    91417.5     154401
      0.17     311919     772005    91417.5     154401
      0.18     297831     772005    88892.8     154401
      0.19     297831     772005    88892.8     154401
       0.2     202999     772005    66447.2     154401
      0.21     199703     772005      65471     154401
      0.22     137415     772005      54613     154401
      0.23     137415     772005      54613     154401
      0.24     137415     772005      54613     154401
      0.25     137415     772005      54613     154401
      0.26     137415     772005      54613     154401
      0.27     137415     772005      54613     154401
      0.28     137415     772005      54613     154401
      0.29     137415     772005      54613     154401
       0.3     137415     772005      54613     154401
      0.31     137415     772005      54613     154401
      0.32     137415     772005      54613     154401
      0.33     137415     772005      54613     154401
      0.34     137415     772005      54613     154401
      0.35     137415     772005      54613     154401
      0.36     137415     772005      54613     154401
      0.37     137415     772005      54613     154401
      0.38     137415     772005      54613     154401
      0.39     137415     772005      54613     154401
       0.4     137415     772005      54613     154401
      0.41     137415     772005      54613     154401
      0.42     137415     772005      54613     154401
      0.43     137415     772005      54613     154401
      0.44     137415     772005      54613     154401
      0.45     137415     772005      54613     154401
      0.46     137415     772005      54613     154401
      0.47     137415     772005      54613     154401
      0.48     137415     772005      54613     154401
      0.49     137415     772005      54613     154401
       0.5     137415     772005      54613     154401
      0.51     137415     772005      54613     154401
      0.52     137415     772005      54613     154401
      0.53     137415     772005      54613     154401
      0.54     137415     772005      54613     154401
      0.55     137415     772005      54613     154401
      0.56     137415     772005      54613     154401
      0.57     137415     772005      54613     154401
      0.58     137415     772005      54613     154401
      0.59     137415     772005      54613     154401
       0.6     137415     772005      54613     154401
      0.61     137415     772005      54613     154401
      0.62     137415     772005      54613     154401
      0.63     137415     772005      54613     154401
      0.64     137415     772005      54613     154401
      0.65     137415     772005      54613     154401
      0.66     137415     772005      54613     154401
      0.67     137415     772005      54613     154401
      0.68     137415     772005      54613     154401
      0.69     137415     772005      54613     154401
       0.7     137415     772005      54613     154401
      0.71     137415     772005      54613     154401
      0.72     137415     772005      54613     154401
      0.73     137415     772005      54613     154401
      0.74     137415     772005      54613     154401
      0.75     137415     772005      54613     154401
      0.76     137415     772005      54613     154401
      0.77     137415     772005      54613     154401
      0.78     137415     772005      54613     154401
      0.79     137415     772005      54613     154401
       0.8     137415     772005      54613     154401
      0.81     137415     772005      54613     154401
      0.82     137415     772005      54613     154401
      0.83     137415     772005      54613     154401
      0.84     137415     772005      54613     154401
      0.85     137415     772005      54613     154401
      0.86     137415     772005      54613     154401
      0.87     137415     772005      54613     154401
      0.88     137415     772005      54613     154401
      0.89     137415     772005      54613     154401
       0.9     137415     772005      54613     154401
      0.91     137415     772005      54613     154401
      0.92     137415     772005      54613     154401
      0.93     137415     772005      54613     154401
      0.94     137415     772005      54613     154401
      0.95     137415     772005      54613     154401
      0.96     137415     772005      54613     154401
      0.97     137415     772005      54613     154401
      0.98     137415     772005      54613     154401
      0.99     137415     772005      54613     154401
