      0.01      16256      18261       7211      10691
      0.02      14033      18261       5123       6059
      0.03      12035      18261       3818       4076
      0.04      11436      18261       3468       3604
      0.05      10714      18261       3087       3189
      0.06       9913      18261       2679       2743
      0.07       8940      18261       2290       2303
      0.08       8657      18261       2178       2185
      0.09       8493      18261       2140       2147
       0.1       8121      18261       2023       2028
      0.11       6999      18261       1687       1692
      0.12       6672      18261       1542       1546
      0.13       6669      18261       1542       1546
      0.14       6668      18261       1542       1546
      0.15       5252      18261       1201       1205
      0.16       5254      18261       1201       1205
      0.17       5251      18261       1201       1205
      0.18       4286      18261        977        981
      0.19       4286      18261        977        981
       0.2       2391      18261        520        520
      0.21       2038      18261        431        431
      0.22          0      18261          0          0
      0.23          0      18261          0          0
      0.24          0      18261          0          0
      0.25          0      18261          0          0
      0.26          0      18261          0          0
      0.27          0      18261          0          0
      0.28          0      18261          0          0
      0.29          0      18261          0          0
       0.3          0      18261          0          0
      0.31          0      18261          0          0
      0.32          0      18261          0          0
      0.33          0      18261          0          0
      0.34          0      18261          0          0
      0.35          0      18261          0          0
      0.36          0      18261          0          0
      0.37          0      18261          0          0
      0.38          0      18261          0          0
      0.39          0      18261          0          0
       0.4          0      18261          0          0
      0.41          0      18261          0          0
      0.42          0      18261          0          0
      0.43          0      18261          0          0
      0.44          0      18261          0          0
      0.45          0      18261          0          0
      0.46          0      18261          0          0
      0.47          0      18261          0          0
      0.48          0      18261          0          0
      0.49          0      18261          0          0
       0.5          0      18261          0          0
      0.51          0      18261          0          0
      0.52          0      18261          0          0
      0.53          0      18261          0          0
      0.54          0      18261          0          0
      0.55          0      18261          0          0
      0.56          0      18261          0          0
      0.57          0      18261          0          0
      0.58          0      18261          0          0
      0.59          0      18261          0          0
       0.6          0      18261          0          0
      0.61          0      18261          0          0
      0.62          0      18261          0          0
      0.63          0      18261          0          0
      0.64          0      18261          0          0
      0.65          0      18261          0          0
      0.66          0      18261          0          0
      0.67          0      18261          0          0
      0.68          0      18261          0          0
      0.69          0      18261          0          0
       0.7          0      18261          0          0
      0.71          0      18261          0          0
      0.72          0      18261          0          0
      0.73          0      18261          0          0
      0.74          0      18261          0          0
      0.75          0      18261          0          0
      0.76          0      18261          0          0
      0.77          0      18261          0          0
      0.78          0      18261          0          0
      0.79          0      18261          0          0
       0.8          0      18261          0          0
      0.81          0      18261          0          0
      0.82          0      18261          0          0
      0.83          0      18261          0          0
      0.84          0      18261          0          0
      0.85          0      18261          0          0
      0.86          0      18261          0          0
      0.87          0      18261          0          0
      0.88          0      18261          0          0
      0.89          0      18261          0          0
       0.9          0      18261          0          0
      0.91          0      18261          0          0
      0.92          0      18261          0          0
      0.93          0      18261          0          0
      0.94          0      18261          0          0
      0.95          0      18261          0          0
      0.96          0      18261          0          0
      0.97          0      18261          0          0
      0.98          0      18261          0          0
      0.99          0      18261          0          0
