      0.01   0.752825    4.44817
      0.02   0.819354    2.48091
      0.03   0.840546    1.93016
      0.04   0.850259    1.72673
      0.05   0.844207    1.71289
      0.06   0.841463    1.68174
      0.07   0.844965    1.60684
      0.08   0.844974    1.60263
      0.09   0.762897    1.89746
       0.1    0.76776    1.84253
      0.11   0.359684    2.61622
      0.12    0.35757    2.60967
      0.13   0.343371    2.61622
      0.14   0.343371    2.61622
      0.15   0.298924    2.46528
      0.16   0.298924    2.46528
      0.17   0.286443    2.36872
      0.18   0.286443    2.36872
      0.19   0.286443    2.36872
       0.2   0.286443    2.36872
      0.21   0.269674    2.34693
      0.22   0.269674    2.34693
      0.23   0.269674    2.34693
      0.24   0.269674    2.34693
      0.25   0.269674    2.34693
      0.26   0.269674    2.34693
      0.27   0.269674    2.34693
      0.28   0.269674    2.34693
      0.29   0.269674    2.34693
       0.3   0.269674    2.34693
      0.31   0.269674    2.34693
      0.32   0.269674    2.34693
      0.33   0.269674    2.34693
      0.34   0.269674    2.34693
      0.35   0.269674    2.34693
      0.36   0.269674    2.34693
      0.37   0.269674    2.34693
      0.38   0.269674    2.34693
      0.39   0.269674    2.34693
       0.4   0.269674    2.34693
      0.41   0.269674    2.34693
      0.42   0.269674    2.34693
      0.43   0.269674    2.34693
      0.44   0.269674    2.34693
      0.45   0.269674    2.34693
      0.46   0.269674    2.34693
      0.47   0.269674    2.34693
      0.48   0.269674    2.34693
      0.49   0.269674    2.34693
       0.5   0.269674    2.34693
      0.51   0.269674    2.34693
      0.52   0.269674    2.34693
      0.53   0.269674    2.34693
      0.54   0.269674    2.34693
      0.55   0.269674    2.34693
      0.56   0.269674    2.34693
      0.57   0.269674    2.34693
      0.58   0.269674    2.34693
      0.59   0.269674    2.34693
       0.6   0.269674    2.34693
      0.61   0.269674    2.34693
      0.62   0.269674    2.34693
      0.63   0.269674    2.34693
      0.64   0.269674    2.34693
      0.65   0.269674    2.34693
      0.66   0.269674    2.34693
      0.67   0.269674    2.34693
      0.68   0.269674    2.34693
      0.69   0.269674    2.34693
       0.7   0.269674    2.34693
      0.71   0.269674    2.34693
      0.72   0.269674    2.34693
      0.73   0.269674    2.34693
      0.74   0.269674    2.34693
      0.75   0.269674    2.34693
      0.76   0.269674    2.34693
      0.77   0.269674    2.34693
      0.78   0.269674    2.34693
      0.79   0.269674    2.34693
       0.8   0.269674    2.34693
      0.81   0.269674    2.34693
      0.82   0.269674    2.34693
      0.83   0.269674    2.34693
      0.84   0.269674    2.34693
      0.85   0.269674    2.34693
      0.86   0.269674    2.34693
      0.87   0.269674    2.34693
      0.88   0.269674    2.34693
      0.89   0.269674    2.34693
       0.9   0.269674    2.34693
      0.91   0.269674    2.34693
      0.92   0.269674    2.34693
      0.93   0.269674    2.34693
      0.94   0.269674    2.34693
      0.95   0.269674    2.34693
      0.96   0.269674    2.34693
      0.97   0.269674    2.34693
      0.98   0.269674    2.34693
      0.99   0.269674    2.34693
