      0.01   0.839205    4.28009
      0.02   0.871883    2.66541
      0.03   0.880295    2.12323
      0.04   0.882463    1.98464
      0.05   0.884034    1.84978
      0.06   0.886051    1.76201
      0.07   0.889016    1.67374
      0.08   0.886938    1.67642
      0.09   0.886076     1.6821
       0.1   0.885758      1.668
      0.11   0.864736    1.75459
      0.12   0.778214    2.05124
      0.13   0.778214    2.05124
      0.14   0.778214    2.05124
      0.15   0.723492    2.22416
      0.16   0.723492    2.22416
      0.17   0.723492    2.22416
      0.18   0.715434    2.25413
      0.19   0.715434    2.25413
       0.2   0.494882    2.65554
      0.21   0.484088    2.68493
      0.22   0.177992    3.03203
      0.23   0.177992    3.03203
      0.24   0.177992    3.03203
      0.25   0.177992    3.03203
      0.26   0.177992    3.03203
      0.27   0.177992    3.03203
      0.28   0.177992    3.03203
      0.29   0.177992    3.03203
       0.3   0.177992    3.03203
      0.31   0.177992    3.03203
      0.32   0.177992    3.03203
      0.33   0.177992    3.03203
      0.34   0.177992    3.03203
      0.35   0.177992    3.03203
      0.36   0.177992    3.03203
      0.37   0.177992    3.03203
      0.38   0.177992    3.03203
      0.39   0.177992    3.03203
       0.4   0.177992    3.03203
      0.41   0.177992    3.03203
      0.42   0.177992    3.03203
      0.43   0.177992    3.03203
      0.44   0.177992    3.03203
      0.45   0.177992    3.03203
      0.46   0.177992    3.03203
      0.47   0.177992    3.03203
      0.48   0.177992    3.03203
      0.49   0.177992    3.03203
       0.5   0.177992    3.03203
      0.51   0.177992    3.03203
      0.52   0.177992    3.03203
      0.53   0.177992    3.03203
      0.54   0.177992    3.03203
      0.55   0.177992    3.03203
      0.56   0.177992    3.03203
      0.57   0.177992    3.03203
      0.58   0.177992    3.03203
      0.59   0.177992    3.03203
       0.6   0.177992    3.03203
      0.61   0.177992    3.03203
      0.62   0.177992    3.03203
      0.63   0.177992    3.03203
      0.64   0.177992    3.03203
      0.65   0.177992    3.03203
      0.66   0.177992    3.03203
      0.67   0.177992    3.03203
      0.68   0.177992    3.03203
      0.69   0.177992    3.03203
       0.7   0.177992    3.03203
      0.71   0.177992    3.03203
      0.72   0.177992    3.03203
      0.73   0.177992    3.03203
      0.74   0.177992    3.03203
      0.75   0.177992    3.03203
      0.76   0.177992    3.03203
      0.77   0.177992    3.03203
      0.78   0.177992    3.03203
      0.79   0.177992    3.03203
       0.8   0.177992    3.03203
      0.81   0.177992    3.03203
      0.82   0.177992    3.03203
      0.83   0.177992    3.03203
      0.84   0.177992    3.03203
      0.85   0.177992    3.03203
      0.86   0.177992    3.03203
      0.87   0.177992    3.03203
      0.88   0.177992    3.03203
      0.89   0.177992    3.03203
       0.9   0.177992    3.03203
      0.91   0.177992    3.03203
      0.92   0.177992    3.03203
      0.93   0.177992    3.03203
      0.94   0.177992    3.03203
      0.95   0.177992    3.03203
      0.96   0.177992    3.03203
      0.97   0.177992    3.03203
      0.98   0.177992    3.03203
      0.99   0.177992    3.03203
