      0.01     227836     772005      38602     154401
      0.02     451429     772005      91161     154401
      0.03     501485     772005     111322     154401
      0.04     518363     772005     120542     154401
      0.05     503293     772005     119486     154401
      0.06     501326     772005     120222     154401
      0.07     507397     772005     119427     154401
      0.08     507654     772005     119660     154401
      0.09     419297     772005     100700     154401
       0.1     425482     772005     103035     154401
      0.11     207135     772005      62795     154401
      0.12     207107     772005    63000.2     154401
      0.13     202524     772005    63679.6     154401
      0.14     202524     772005    63679.6     154401
      0.15     207487     772005    70423.8     154401
      0.16     207487     772005    70423.8     154401
      0.17     210758     772005    74952.9     154401
      0.18     210758     772005    74952.9     154401
      0.19     210758     772005    74952.9     154401
       0.2     210758     772005    74952.9     154401
      0.21     208193     772005      77052     154401
      0.22     208193     772005      77052     154401
      0.23     208193     772005      77052     154401
      0.24     208193     772005      77052     154401
      0.25     208193     772005      77052     154401
      0.26     208193     772005      77052     154401
      0.27     208193     772005      77052     154401
      0.28     208193     772005      77052     154401
      0.29     208193     772005      77052     154401
       0.3     208193     772005      77052     154401
      0.31     208193     772005      77052     154401
      0.32     208193     772005      77052     154401
      0.33     208193     772005      77052     154401
      0.34     208193     772005      77052     154401
      0.35     208193     772005      77052     154401
      0.36     208193     772005      77052     154401
      0.37     208193     772005      77052     154401
      0.38     208193     772005      77052     154401
      0.39     208193     772005      77052     154401
       0.4     208193     772005      77052     154401
      0.41     208193     772005      77052     154401
      0.42     208193     772005      77052     154401
      0.43     208193     772005      77052     154401
      0.44     208193     772005      77052     154401
      0.45     208193     772005      77052     154401
      0.46     208193     772005      77052     154401
      0.47     208193     772005      77052     154401
      0.48     208193     772005      77052     154401
      0.49     208193     772005      77052     154401
       0.5     208193     772005      77052     154401
      0.51     208193     772005      77052     154401
      0.52     208193     772005      77052     154401
      0.53     208193     772005      77052     154401
      0.54     208193     772005      77052     154401
      0.55     208193     772005      77052     154401
      0.56     208193     772005      77052     154401
      0.57     208193     772005      77052     154401
      0.58     208193     772005      77052     154401
      0.59     208193     772005      77052     154401
       0.6     208193     772005      77052     154401
      0.61     208193     772005      77052     154401
      0.62     208193     772005      77052     154401
      0.63     208193     772005      77052     154401
      0.64     208193     772005      77052     154401
      0.65     208193     772005      77052     154401
      0.66     208193     772005      77052     154401
      0.67     208193     772005      77052     154401
      0.68     208193     772005      77052     154401
      0.69     208193     772005      77052     154401
       0.7     208193     772005      77052     154401
      0.71     208193     772005      77052     154401
      0.72     208193     772005      77052     154401
      0.73     208193     772005      77052     154401
      0.74     208193     772005      77052     154401
      0.75     208193     772005      77052     154401
      0.76     208193     772005      77052     154401
      0.77     208193     772005      77052     154401
      0.78     208193     772005      77052     154401
      0.79     208193     772005      77052     154401
       0.8     208193     772005      77052     154401
      0.81     208193     772005      77052     154401
      0.82     208193     772005      77052     154401
      0.83     208193     772005      77052     154401
      0.84     208193     772005      77052     154401
      0.85     208193     772005      77052     154401
      0.86     208193     772005      77052     154401
      0.87     208193     772005      77052     154401
      0.88     208193     772005      77052     154401
      0.89     208193     772005      77052     154401
       0.9     208193     772005      77052     154401
      0.91     208193     772005      77052     154401
      0.92     208193     772005      77052     154401
      0.93     208193     772005      77052     154401
      0.94     208193     772005      77052     154401
      0.95     208193     772005      77052     154401
      0.96     208193     772005      77052     154401
      0.97     208193     772005      77052     154401
      0.98     208193     772005      77052     154401
      0.99     208193     772005      77052     154401
