      0.01    85785.6     772005    6772.61     154401
      0.02     345136     772005    48411.2     154401
      0.03     388042     772005    63701.6     154401
      0.04     395474     772005    74980.9     154401
      0.05     468621     772005    95128.3     154401
      0.06     468621     772005    95194.3     154401
      0.07     470608     772005    95282.5     154401
      0.08     470856     772005    95405.8     154401
      0.09     470856     772005      96033     154401
       0.1     470856     772005      96033     154401
      0.11     369215     772005      78284     154401
      0.12     368070     772005    78553.4     154401
      0.13     392927     772005     107094     154401
      0.14     392927     772005     107094     154401
      0.15     392927     772005     107094     154401
      0.16     392927     772005     107094     154401
      0.17     392927     772005     107094     154401
      0.18     392927     772005     107094     154401
      0.19     392927     772005     107094     154401
       0.2     392927     772005     107094     154401
      0.21     392927     772005     107094     154401
      0.22     392927     772005     107094     154401
      0.23     392927     772005     107094     154401
      0.24     392927     772005     107094     154401
      0.25     392927     772005     107094     154401
      0.26     392927     772005     107094     154401
      0.27     392927     772005     107094     154401
      0.28     392927     772005     107094     154401
      0.29     392927     772005     107094     154401
       0.3     392927     772005     107094     154401
      0.31     392927     772005     107094     154401
      0.32     392927     772005     107094     154401
      0.33     392927     772005     107094     154401
      0.34     392927     772005     107094     154401
      0.35     392927     772005     107094     154401
      0.36     392927     772005     107094     154401
      0.37     392927     772005     107094     154401
      0.38     392927     772005     107094     154401
      0.39     392927     772005     107094     154401
       0.4     392927     772005     107094     154401
      0.41     392927     772005     107094     154401
      0.42     392927     772005     107094     154401
      0.43     392927     772005     107094     154401
      0.44     392927     772005     107094     154401
      0.45     392927     772005     107094     154401
      0.46     392927     772005     107094     154401
      0.47     392927     772005     107094     154401
      0.48     392927     772005     107094     154401
      0.49     392927     772005     107094     154401
       0.5     392927     772005     107094     154401
      0.51     392927     772005     107094     154401
      0.52     392927     772005     107094     154401
      0.53     392927     772005     107094     154401
      0.54     392927     772005     107094     154401
      0.55     392927     772005     107094     154401
      0.56     392927     772005     107094     154401
      0.57     392927     772005     107094     154401
      0.58     392927     772005     107094     154401
      0.59     392927     772005     107094     154401
       0.6     392927     772005     107094     154401
      0.61     392927     772005     107094     154401
      0.62     392927     772005     107094     154401
      0.63     392927     772005     107094     154401
      0.64     392927     772005     107094     154401
      0.65     392927     772005     107094     154401
      0.66     392927     772005     107094     154401
      0.67     392927     772005     107094     154401
      0.68     392927     772005     107094     154401
      0.69     392927     772005     107094     154401
       0.7     392927     772005     107094     154401
      0.71     392927     772005     107094     154401
      0.72     392927     772005     107094     154401
      0.73     392927     772005     107094     154401
      0.74     392927     772005     107094     154401
      0.75     392927     772005     107094     154401
      0.76     392927     772005     107094     154401
      0.77     392927     772005     107094     154401
      0.78     392927     772005     107094     154401
      0.79     392927     772005     107094     154401
       0.8     392927     772005     107094     154401
      0.81     392927     772005     107094     154401
      0.82     392927     772005     107094     154401
      0.83     392927     772005     107094     154401
      0.84     392927     772005     107094     154401
      0.85     392927     772005     107094     154401
      0.86     392927     772005     107094     154401
      0.87     392927     772005     107094     154401
      0.88     392927     772005     107094     154401
      0.89     392927     772005     107094     154401
       0.9     392927     772005     107094     154401
      0.91     392927     772005     107094     154401
      0.92     392927     772005     107094     154401
      0.93     392927     772005     107094     154401
      0.94     392927     772005     107094     154401
      0.95     392927     772005     107094     154401
      0.96     392927     772005     107094     154401
      0.97     392927     772005     107094     154401
      0.98     392927     772005     107094     154401
      0.99     392927     772005     107094     154401
