      0.01   0.509136    6.50562
      0.02   0.590752    3.16126
      0.03   0.617702     2.4338
      0.04   0.659838    1.83483
      0.05   0.717816    1.25156
      0.06   0.718095    1.24643
      0.07   0.719621    1.22237
      0.08   0.720106    1.21098
      0.09   0.722759    1.17704
       0.1   0.722759    1.17704
      0.11   0.610368    1.38897
      0.12   0.607811    1.38448
      0.13   0.508967    1.29929
      0.14   0.508967    1.29929
      0.15   0.508967    1.29929
      0.16   0.508967    1.29929
      0.17   0.508967    1.29929
      0.18   0.508967    1.29929
      0.19   0.508967    1.29929
       0.2   0.508967    1.29929
      0.21   0.508967    1.29929
      0.22   0.508967    1.29929
      0.23   0.508967    1.29929
      0.24   0.508967    1.29929
      0.25   0.508967    1.29929
      0.26   0.508967    1.29929
      0.27   0.508967    1.29929
      0.28   0.508967    1.29929
      0.29   0.508967    1.29929
       0.3   0.508967    1.29929
      0.31   0.508967    1.29929
      0.32   0.508967    1.29929
      0.33   0.508967    1.29929
      0.34   0.508967    1.29929
      0.35   0.508967    1.29929
      0.36   0.508967    1.29929
      0.37   0.508967    1.29929
      0.38   0.508967    1.29929
      0.39   0.508967    1.29929
       0.4   0.508967    1.29929
      0.41   0.508967    1.29929
      0.42   0.508967    1.29929
      0.43   0.508967    1.29929
      0.44   0.508967    1.29929
      0.45   0.508967    1.29929
      0.46   0.508967    1.29929
      0.47   0.508967    1.29929
      0.48   0.508967    1.29929
      0.49   0.508967    1.29929
       0.5   0.508967    1.29929
      0.51   0.508967    1.29929
      0.52   0.508967    1.29929
      0.53   0.508967    1.29929
      0.54   0.508967    1.29929
      0.55   0.508967    1.29929
      0.56   0.508967    1.29929
      0.57   0.508967    1.29929
      0.58   0.508967    1.29929
      0.59   0.508967    1.29929
       0.6   0.508967    1.29929
      0.61   0.508967    1.29929
      0.62   0.508967    1.29929
      0.63   0.508967    1.29929
      0.64   0.508967    1.29929
      0.65   0.508967    1.29929
      0.66   0.508967    1.29929
      0.67   0.508967    1.29929
      0.68   0.508967    1.29929
      0.69   0.508967    1.29929
       0.7   0.508967    1.29929
      0.71   0.508967    1.29929
      0.72   0.508967    1.29929
      0.73   0.508967    1.29929
      0.74   0.508967    1.29929
      0.75   0.508967    1.29929
      0.76   0.508967    1.29929
      0.77   0.508967    1.29929
      0.78   0.508967    1.29929
      0.79   0.508967    1.29929
       0.8   0.508967    1.29929
      0.81   0.508967    1.29929
      0.82   0.508967    1.29929
      0.83   0.508967    1.29929
      0.84   0.508967    1.29929
      0.85   0.508967    1.29929
      0.86   0.508967    1.29929
      0.87   0.508967    1.29929
      0.88   0.508967    1.29929
      0.89   0.508967    1.29929
       0.9   0.508967    1.29929
      0.91   0.508967    1.29929
      0.92   0.508967    1.29929
      0.93   0.508967    1.29929
      0.94   0.508967    1.29929
      0.95   0.508967    1.29929
      0.96   0.508967    1.29929
      0.97   0.508967    1.29929
      0.98   0.508967    1.29929
      0.99   0.508967    1.29929
