      0.01     207794     926406    26151.4     154401
      0.02     428213     926406      58705     154401
      0.03     546547     926406    83728.7     154401
      0.04     698327     926406     116177     154401
      0.05     716772     926406     123270     154401
      0.06     766043     926406     137288     154401
      0.07     762200     926406     137023     154401
      0.08     778043     926406     142755     154401
      0.09     777984     926406     142755     154401
       0.1     779236     926406     143164     154401
      0.11     779236     926406     143164     154401
      0.12     779236     926406     143164     154401
      0.13     778364     926406     143224     154401
      0.14     695489     926406     129738     154401
      0.15     695489     926406     129738     154401
      0.16     668873     926406     130163     154401
      0.17     544454     926406     116500     154401
      0.18     521117     926406     113390     154401
      0.19     521117     926406     113390     154401
       0.2     521117     926406     113390     154401
      0.21     383330     926406    97882.1     154401
      0.22     383330     926406    97882.1     154401
      0.23     383330     926406    97882.1     154401
      0.24     383330     926406    97882.1     154401
      0.25     383330     926406    97882.1     154401
      0.26     189943     926406      54459     154401
      0.27     189943     926406      54459     154401
      0.28     189943     926406      54459     154401
      0.29     189943     926406      54459     154401
       0.3     189943     926406      54459     154401
      0.31     189943     926406      54459     154401
      0.32     189943     926406      54459     154401
      0.33     189943     926406      54459     154401
      0.34     189943     926406      54459     154401
      0.35     189943     926406      54459     154401
      0.36     189943     926406      54459     154401
      0.37     189943     926406      54459     154401
      0.38     189943     926406      54459     154401
      0.39     189943     926406      54459     154401
       0.4     189943     926406      54459     154401
      0.41     189943     926406      54459     154401
      0.42     189943     926406      54459     154401
      0.43     189943     926406      54459     154401
      0.44     189943     926406      54459     154401
      0.45     189943     926406      54459     154401
      0.46     189943     926406      54459     154401
      0.47     189943     926406      54459     154401
      0.48     189943     926406      54459     154401
      0.49     189943     926406      54459     154401
       0.5     189943     926406      54459     154401
      0.51     189943     926406      54459     154401
      0.52     189943     926406      54459     154401
      0.53     189943     926406      54459     154401
      0.54     189943     926406      54459     154401
      0.55     189943     926406      54459     154401
      0.56     189943     926406      54459     154401
      0.57     189943     926406      54459     154401
      0.58     189943     926406      54459     154401
      0.59     189943     926406      54459     154401
       0.6     189943     926406      54459     154401
      0.61     189943     926406      54459     154401
      0.62     189943     926406      54459     154401
      0.63     189943     926406      54459     154401
      0.64     189943     926406      54459     154401
      0.65     189943     926406      54459     154401
      0.66     189943     926406      54459     154401
      0.67     189943     926406      54459     154401
      0.68     189943     926406      54459     154401
      0.69     189943     926406      54459     154401
       0.7     189943     926406      54459     154401
      0.71     189943     926406      54459     154401
      0.72     189943     926406      54459     154401
      0.73     189943     926406      54459     154401
      0.74     189943     926406      54459     154401
      0.75     189943     926406      54459     154401
      0.76     189943     926406      54459     154401
      0.77     189943     926406      54459     154401
      0.78     189943     926406      54459     154401
      0.79     189943     926406      54459     154401
       0.8     189943     926406      54459     154401
      0.81     189943     926406      54459     154401
      0.82     189943     926406      54459     154401
      0.83     189943     926406      54459     154401
      0.84     189943     926406      54459     154401
      0.85     189943     926406      54459     154401
      0.86     189943     926406      54459     154401
      0.87     189943     926406      54459     154401
      0.88     189943     926406      54459     154401
      0.89     189943     926406      54459     154401
       0.9     189943     926406      54459     154401
      0.91     189943     926406      54459     154401
      0.92     189943     926406      54459     154401
      0.93     189943     926406      54459     154401
      0.94     189943     926406      54459     154401
      0.95     189943     926406      54459     154401
      0.96     189943     926406      54459     154401
      0.97     189943     926406      54459     154401
      0.98     189943     926406      54459     154401
      0.99     189943     926406      54459     154401
