      0.01   0.813163    4.61963
      0.02    0.85276    2.65764
      0.03   0.884333    1.81606
      0.04   0.929545    1.19637
      0.05   0.937642    1.03174
      0.06   0.957389   0.799929
      0.07   0.956013   0.800806
      0.08   0.958478   0.720557
      0.09   0.958438   0.720618
       0.1   0.959094    0.70803
      0.11   0.959094    0.70803
      0.12   0.959094    0.70803
      0.13   0.959756   0.684665
      0.14   0.931544   0.890391
      0.15   0.931544   0.890391
      0.16   0.911062   0.984165
      0.17   0.843968    1.35806
      0.18   0.832704    1.45803
      0.19   0.832704    1.45803
       0.2   0.832704    1.45803
      0.21   0.668954    1.80628
      0.22   0.668954    1.80628
      0.23   0.668954    1.80628
      0.24   0.668954    1.80628
      0.25   0.668954    1.80628
      0.26   0.205027    2.58577
      0.27   0.205027    2.58577
      0.28   0.205027    2.58577
      0.29   0.205027    2.58577
       0.3   0.205027    2.58577
      0.31   0.205027    2.58577
      0.32   0.205027    2.58577
      0.33   0.205027    2.58577
      0.34   0.205027    2.58577
      0.35   0.205027    2.58577
      0.36   0.205027    2.58577
      0.37   0.205027    2.58577
      0.38   0.205027    2.58577
      0.39   0.205027    2.58577
       0.4   0.205027    2.58577
      0.41   0.205027    2.58577
      0.42   0.205027    2.58577
      0.43   0.205027    2.58577
      0.44   0.205027    2.58577
      0.45   0.205027    2.58577
      0.46   0.205027    2.58577
      0.47   0.205027    2.58577
      0.48   0.205027    2.58577
      0.49   0.205027    2.58577
       0.5   0.205027    2.58577
      0.51   0.205027    2.58577
      0.52   0.205027    2.58577
      0.53   0.205027    2.58577
      0.54   0.205027    2.58577
      0.55   0.205027    2.58577
      0.56   0.205027    2.58577
      0.57   0.205027    2.58577
      0.58   0.205027    2.58577
      0.59   0.205027    2.58577
       0.6   0.205027    2.58577
      0.61   0.205027    2.58577
      0.62   0.205027    2.58577
      0.63   0.205027    2.58577
      0.64   0.205027    2.58577
      0.65   0.205027    2.58577
      0.66   0.205027    2.58577
      0.67   0.205027    2.58577
      0.68   0.205027    2.58577
      0.69   0.205027    2.58577
       0.7   0.205027    2.58577
      0.71   0.205027    2.58577
      0.72   0.205027    2.58577
      0.73   0.205027    2.58577
      0.74   0.205027    2.58577
      0.75   0.205027    2.58577
      0.76   0.205027    2.58577
      0.77   0.205027    2.58577
      0.78   0.205027    2.58577
      0.79   0.205027    2.58577
       0.8   0.205027    2.58577
      0.81   0.205027    2.58577
      0.82   0.205027    2.58577
      0.83   0.205027    2.58577
      0.84   0.205027    2.58577
      0.85   0.205027    2.58577
      0.86   0.205027    2.58577
      0.87   0.205027    2.58577
      0.88   0.205027    2.58577
      0.89   0.205027    2.58577
       0.9   0.205027    2.58577
      0.91   0.205027    2.58577
      0.92   0.205027    2.58577
      0.93   0.205027    2.58577
      0.94   0.205027    2.58577
      0.95   0.205027    2.58577
      0.96   0.205027    2.58577
      0.97   0.205027    2.58577
      0.98   0.205027    2.58577
      0.99   0.205027    2.58577
