      0.01      11930      12181       3164      11364
      0.02      11238      12181       2570       5701
      0.03      11102      12181       2330       3756
      0.04      10581      12181       2062       2794
      0.05      10546      12181       2032       2563
      0.06      10385      12181       1985       2309
      0.07      10084      12181       1907       2203
      0.08       9725      12181       1787       1829
      0.09       9713      12181       1785       1826
       0.1       9708      12181       1780       1791
      0.11       9711      12181       1779       1791
      0.12       9707      12181       1779       1791
      0.13       9666      12181       1759       1771
      0.14       8785      12181       1601       1612
      0.15       8784      12181       1601       1612
      0.16       8285      12181       1504       1516
      0.17       7384      12181       1347       1358
      0.18       6825      12181       1251       1261
      0.19       6819      12181       1251       1261
       0.2       6819      12181       1251       1261
      0.21       3502      12181        613        613
      0.22       3503      12181        613        613
      0.23       3499      12181        613        613
      0.24       3499      12181        613        613
      0.25       3501      12181        613        613
      0.26          0      12181          0          0
      0.27          0      12181          0          0
      0.28          0      12181          0          0
      0.29          0      12181          0          0
       0.3          0      12181          0          0
      0.31          0      12181          0          0
      0.32          0      12181          0          0
      0.33          0      12181          0          0
      0.34          0      12181          0          0
      0.35          0      12181          0          0
      0.36          0      12181          0          0
      0.37          0      12181          0          0
      0.38          0      12181          0          0
      0.39          0      12181          0          0
       0.4          0      12181          0          0
      0.41          0      12181          0          0
      0.42          0      12181          0          0
      0.43          0      12181          0          0
      0.44          0      12181          0          0
      0.45          0      12181          0          0
      0.46          0      12181          0          0
      0.47          0      12181          0          0
      0.48          0      12181          0          0
      0.49          0      12181          0          0
       0.5          0      12181          0          0
      0.51          0      12181          0          0
      0.52          0      12181          0          0
      0.53          0      12181          0          0
      0.54          0      12181          0          0
      0.55          0      12181          0          0
      0.56          0      12181          0          0
      0.57          0      12181          0          0
      0.58          0      12181          0          0
      0.59          0      12181          0          0
       0.6          0      12181          0          0
      0.61          0      12181          0          0
      0.62          0      12181          0          0
      0.63          0      12181          0          0
      0.64          0      12181          0          0
      0.65          0      12181          0          0
      0.66          0      12181          0          0
      0.67          0      12181          0          0
      0.68          0      12181          0          0
      0.69          0      12181          0          0
       0.7          0      12181          0          0
      0.71          0      12181          0          0
      0.72          0      12181          0          0
      0.73          0      12181          0          0
      0.74          0      12181          0          0
      0.75          0      12181          0          0
      0.76          0      12181          0          0
      0.77          0      12181          0          0
      0.78          0      12181          0          0
      0.79          0      12181          0          0
       0.8          0      12181          0          0
      0.81          0      12181          0          0
      0.82          0      12181          0          0
      0.83          0      12181          0          0
      0.84          0      12181          0          0
      0.85          0      12181          0          0
      0.86          0      12181          0          0
      0.87          0      12181          0          0
      0.88          0      12181          0          0
      0.89          0      12181          0          0
       0.9          0      12181          0          0
      0.91          0      12181          0          0
      0.92          0      12181          0          0
      0.93          0      12181          0          0
      0.94          0      12181          0          0
      0.95          0      12181          0          0
      0.96          0      12181          0          0
      0.97          0      12181          0          0
      0.98          0      12181          0          0
      0.99          0      12181          0          0
