      0.01     153669     772005    26387.1     154401
      0.02     318041     772005    61402.1     154401
      0.03     402664     772005    86788.8     154401
      0.04     377533     772005    91640.2     154401
      0.05     423580     772005     109584     154401
      0.06     426679     772005     111220     154401
      0.07     282412     772005    77452.3     154401
      0.08     280804     772005    76914.4     154401
      0.09     280804     772005    76914.4     154401
       0.1     280804     772005    76914.4     154401
      0.11     221553     772005    65669.4     154401
      0.12     221553     772005    65669.4     154401
      0.13     221553     772005    65669.4     154401
      0.14     221553     772005    65669.4     154401
      0.15     114242     772005    42351.6     154401
      0.16     114242     772005    42351.6     154401
      0.17     114242     772005    42351.6     154401
      0.18     114242     772005    42351.6     154401
      0.19     114242     772005    42351.6     154401
       0.2     114242     772005    42351.6     154401
      0.21     114242     772005    42351.6     154401
      0.22     114242     772005    42351.6     154401
      0.23     114242     772005    42351.6     154401
      0.24     114242     772005    42351.6     154401
      0.25     113486     772005      42207     154401
      0.26     113486     772005      42207     154401
      0.27     113486     772005      42207     154401
      0.28     113486     772005      42207     154401
      0.29     113486     772005      42207     154401
       0.3     113486     772005      42207     154401
      0.31     113486     772005      42207     154401
      0.32     113486     772005      42207     154401
      0.33     113486     772005      42207     154401
      0.34     113486     772005      42207     154401
      0.35     113486     772005      42207     154401
      0.36     113486     772005      42207     154401
      0.37     113486     772005      42207     154401
      0.38     113486     772005      42207     154401
      0.39     113486     772005      42207     154401
       0.4     113486     772005      42207     154401
      0.41     113486     772005      42207     154401
      0.42     113486     772005      42207     154401
      0.43     113486     772005      42207     154401
      0.44     113486     772005      42207     154401
      0.45     113486     772005      42207     154401
      0.46     113486     772005      42207     154401
      0.47     113486     772005      42207     154401
      0.48     113486     772005      42207     154401
      0.49     113486     772005      42207     154401
       0.5     113486     772005      42207     154401
      0.51     113486     772005      42207     154401
      0.52     113486     772005      42207     154401
      0.53     113486     772005      42207     154401
      0.54     113486     772005      42207     154401
      0.55     113486     772005      42207     154401
      0.56     113486     772005      42207     154401
      0.57     113486     772005      42207     154401
      0.58     113486     772005      42207     154401
      0.59     113486     772005      42207     154401
       0.6     113486     772005      42207     154401
      0.61     113486     772005      42207     154401
      0.62     113486     772005      42207     154401
      0.63     113486     772005      42207     154401
      0.64     113486     772005      42207     154401
      0.65     113486     772005      42207     154401
      0.66     113486     772005      42207     154401
      0.67     113486     772005      42207     154401
      0.68     113486     772005      42207     154401
      0.69     113486     772005      42207     154401
       0.7     113486     772005      42207     154401
      0.71     113486     772005      42207     154401
      0.72     113486     772005      42207     154401
      0.73     113486     772005      42207     154401
      0.74     113486     772005      42207     154401
      0.75     113486     772005      42207     154401
      0.76     113486     772005      42207     154401
      0.77     113486     772005      42207     154401
      0.78     113486     772005      42207     154401
      0.79     113486     772005      42207     154401
       0.8     113486     772005      42207     154401
      0.81     113486     772005      42207     154401
      0.82     113486     772005      42207     154401
      0.83     113486     772005      42207     154401
      0.84     113486     772005      42207     154401
      0.85     113486     772005      42207     154401
      0.86     113486     772005      42207     154401
      0.87     113486     772005      42207     154401
      0.88     113486     772005      42207     154401
      0.89     113486     772005      42207     154401
       0.9     113486     772005      42207     154401
      0.91     113486     772005      42207     154401
      0.92     113486     772005      42207     154401
      0.93     113486     772005      42207     154401
      0.94     113486     772005      42207     154401
      0.95     113486     772005      42207     154401
      0.96     113486     772005      42207     154401
      0.97     113486     772005      42207     154401
      0.98     113486     772005      42207     154401
      0.99     113486     772005      42207     154401
