      0.01   0.873688    5.61985
      0.02   0.887195    3.34165
      0.03   0.886096    2.40489
      0.04   0.828225    2.13211
      0.05   0.838503    1.85771
      0.06   0.839291    1.81768
      0.07   0.673108    2.36089
      0.08   0.667289    2.35886
      0.09   0.667289    2.35886
       0.1   0.667289    2.35886
      0.11    0.42042    2.67745
      0.12    0.42042    2.67745
      0.13    0.42042    2.67745
      0.14    0.42042    2.67745
      0.15   0.149634    3.07803
      0.16   0.149634    3.07803
      0.17   0.149634    3.07803
      0.18   0.149634    3.07803
      0.19   0.149634    3.07803
       0.2   0.149634    3.07803
      0.21   0.149634    3.07803
      0.22   0.149634    3.07803
      0.23   0.149634    3.07803
      0.24   0.149634    3.07803
      0.25   0.146996    3.08073
      0.26   0.146996    3.08073
      0.27   0.146996    3.08073
      0.28   0.146996    3.08073
      0.29   0.146996    3.08073
       0.3   0.146996    3.08073
      0.31   0.146996    3.08073
      0.32   0.146996    3.08073
      0.33   0.146996    3.08073
      0.34   0.146996    3.08073
      0.35   0.146996    3.08073
      0.36   0.146996    3.08073
      0.37   0.146996    3.08073
      0.38   0.146996    3.08073
      0.39   0.146996    3.08073
       0.4   0.146996    3.08073
      0.41   0.146996    3.08073
      0.42   0.146996    3.08073
      0.43   0.146996    3.08073
      0.44   0.146996    3.08073
      0.45   0.146996    3.08073
      0.46   0.146996    3.08073
      0.47   0.146996    3.08073
      0.48   0.146996    3.08073
      0.49   0.146996    3.08073
       0.5   0.146996    3.08073
      0.51   0.146996    3.08073
      0.52   0.146996    3.08073
      0.53   0.146996    3.08073
      0.54   0.146996    3.08073
      0.55   0.146996    3.08073
      0.56   0.146996    3.08073
      0.57   0.146996    3.08073
      0.58   0.146996    3.08073
      0.59   0.146996    3.08073
       0.6   0.146996    3.08073
      0.61   0.146996    3.08073
      0.62   0.146996    3.08073
      0.63   0.146996    3.08073
      0.64   0.146996    3.08073
      0.65   0.146996    3.08073
      0.66   0.146996    3.08073
      0.67   0.146996    3.08073
      0.68   0.146996    3.08073
      0.69   0.146996    3.08073
       0.7   0.146996    3.08073
      0.71   0.146996    3.08073
      0.72   0.146996    3.08073
      0.73   0.146996    3.08073
      0.74   0.146996    3.08073
      0.75   0.146996    3.08073
      0.76   0.146996    3.08073
      0.77   0.146996    3.08073
      0.78   0.146996    3.08073
      0.79   0.146996    3.08073
       0.8   0.146996    3.08073
      0.81   0.146996    3.08073
      0.82   0.146996    3.08073
      0.83   0.146996    3.08073
      0.84   0.146996    3.08073
      0.85   0.146996    3.08073
      0.86   0.146996    3.08073
      0.87   0.146996    3.08073
      0.88   0.146996    3.08073
      0.89   0.146996    3.08073
       0.9   0.146996    3.08073
      0.91   0.146996    3.08073
      0.92   0.146996    3.08073
      0.93   0.146996    3.08073
      0.94   0.146996    3.08073
      0.95   0.146996    3.08073
      0.96   0.146996    3.08073
      0.97   0.146996    3.08073
      0.98   0.146996    3.08073
      0.99   0.146996    3.08073
