      0.01     214737     926406    30177.2     154401
      0.02     252993     926406    43957.6     154401
      0.03     363094     926406    66391.5     154401
      0.04     471378     926406    85200.1     154401
      0.05     469688     926406    85734.6     154401
      0.06     527154     926406    88993.2     154401
      0.07     658488     926406     113661     154401
      0.08     644717     926406     113385     154401
      0.09     684881     926406     127038     154401
       0.1     685617     926406     127292     154401
      0.11     684504     926406     127069     154401
      0.12     684504     926406     127069     154401
      0.13     606814     926406     122973     154401
      0.14     512163     926406     112383     154401
      0.15     512163     926406     112383     154401
      0.16     512163     926406     112383     154401
      0.17     512163     926406     112383     154401
      0.18     512163     926406     112383     154401
      0.19     512163     926406     112383     154401
       0.2     512163     926406     112383     154401
      0.21     512163     926406     112383     154401
      0.22     512163     926406     112383     154401
      0.23     512163     926406     112383     154401
      0.24     512163     926406     112383     154401
      0.25     315791     926406      74516     154401
      0.26     315791     926406      74516     154401
      0.27     315791     926406      74516     154401
      0.28     315791     926406      74516     154401
      0.29     315791     926406      74516     154401
       0.3     315791     926406      74516     154401
      0.31     315791     926406      74516     154401
      0.32     315791     926406      74516     154401
      0.33     315791     926406      74516     154401
      0.34     315791     926406      74516     154401
      0.35     315791     926406      74516     154401
      0.36     315791     926406      74516     154401
      0.37     315791     926406      74516     154401
      0.38     315791     926406      74516     154401
      0.39     315791     926406      74516     154401
       0.4     315791     926406      74516     154401
      0.41     315791     926406      74516     154401
      0.42     315791     926406      74516     154401
      0.43     315791     926406      74516     154401
      0.44     315791     926406      74516     154401
      0.45     315791     926406      74516     154401
      0.46     315791     926406      74516     154401
      0.47     315791     926406      74516     154401
      0.48     315791     926406      74516     154401
      0.49     315791     926406      74516     154401
       0.5     315791     926406      74516     154401
      0.51     315791     926406      74516     154401
      0.52     315791     926406      74516     154401
      0.53     315791     926406      74516     154401
      0.54     315791     926406      74516     154401
      0.55     315791     926406      74516     154401
      0.56     315791     926406      74516     154401
      0.57     315791     926406      74516     154401
      0.58     315791     926406      74516     154401
      0.59     315791     926406      74516     154401
       0.6     315791     926406      74516     154401
      0.61     315791     926406      74516     154401
      0.62     315791     926406      74516     154401
      0.63     315791     926406      74516     154401
      0.64     315791     926406      74516     154401
      0.65     315791     926406      74516     154401
      0.66     315791     926406      74516     154401
      0.67     315791     926406      74516     154401
      0.68     315791     926406      74516     154401
      0.69     315791     926406      74516     154401
       0.7     315791     926406      74516     154401
      0.71     315791     926406      74516     154401
      0.72     315791     926406      74516     154401
      0.73     315791     926406      74516     154401
      0.74     315791     926406      74516     154401
      0.75     315791     926406      74516     154401
      0.76     315791     926406      74516     154401
      0.77     315791     926406      74516     154401
      0.78     315791     926406      74516     154401
      0.79     315791     926406      74516     154401
       0.8     315791     926406      74516     154401
      0.81     315791     926406      74516     154401
      0.82     315791     926406      74516     154401
      0.83     315791     926406      74516     154401
      0.84     315791     926406      74516     154401
      0.85     315791     926406      74516     154401
      0.86     315791     926406      74516     154401
      0.87     315791     926406      74516     154401
      0.88     315791     926406      74516     154401
      0.89     315791     926406      74516     154401
       0.9     315791     926406      74516     154401
      0.91     315791     926406      74516     154401
      0.92     315791     926406      74516     154401
      0.93     315791     926406      74516     154401
      0.94     315791     926406      74516     154401
      0.95     315791     926406      74516     154401
      0.96     315791     926406      74516     154401
      0.97     315791     926406      74516     154401
      0.98     315791     926406      74516     154401
      0.99     315791     926406      74516     154401
