      0.01   0.688413    4.98696
      0.02   0.708507    3.76753
      0.03   0.727094    2.94461
      0.04   0.763895    2.30958
      0.05   0.764937    2.19433
      0.06   0.782474    1.99261
      0.07   0.845356    1.49874
      0.08   0.831628    1.58122
      0.09   0.851078    1.36943
       0.1   0.851647    1.36067
      0.11   0.852429     1.2843
      0.12   0.852429     1.2843
      0.13   0.809593     1.3965
      0.14   0.686629    1.69752
      0.15   0.686629    1.69752
      0.16   0.686629    1.69752
      0.17   0.686629    1.69752
      0.18   0.686629    1.69752
      0.19   0.686629    1.69752
       0.2   0.686629    1.69752
      0.21   0.686629    1.69752
      0.22   0.686629    1.69752
      0.23   0.686629    1.69752
      0.24   0.686629    1.69752
      0.25   0.340874    1.95144
      0.26   0.340874    1.95144
      0.27   0.340874    1.95144
      0.28   0.340874    1.95144
      0.29   0.340874    1.95144
       0.3   0.340874    1.95144
      0.31   0.340874    1.95144
      0.32   0.340874    1.95144
      0.33   0.340874    1.95144
      0.34   0.340874    1.95144
      0.35   0.340874    1.95144
      0.36   0.340874    1.95144
      0.37   0.340874    1.95144
      0.38   0.340874    1.95144
      0.39   0.340874    1.95144
       0.4   0.340874    1.95144
      0.41   0.340874    1.95144
      0.42   0.340874    1.95144
      0.43   0.340874    1.95144
      0.44   0.340874    1.95144
      0.45   0.340874    1.95144
      0.46   0.340874    1.95144
      0.47   0.340874    1.95144
      0.48   0.340874    1.95144
      0.49   0.340874    1.95144
       0.5   0.340874    1.95144
      0.51   0.340874    1.95144
      0.52   0.340874    1.95144
      0.53   0.340874    1.95144
      0.54   0.340874    1.95144
      0.55   0.340874    1.95144
      0.56   0.340874    1.95144
      0.57   0.340874    1.95144
      0.58   0.340874    1.95144
      0.59   0.340874    1.95144
       0.6   0.340874    1.95144
      0.61   0.340874    1.95144
      0.62   0.340874    1.95144
      0.63   0.340874    1.95144
      0.64   0.340874    1.95144
      0.65   0.340874    1.95144
      0.66   0.340874    1.95144
      0.67   0.340874    1.95144
      0.68   0.340874    1.95144
      0.69   0.340874    1.95144
       0.7   0.340874    1.95144
      0.71   0.340874    1.95144
      0.72   0.340874    1.95144
      0.73   0.340874    1.95144
      0.74   0.340874    1.95144
      0.75   0.340874    1.95144
      0.76   0.340874    1.95144
      0.77   0.340874    1.95144
      0.78   0.340874    1.95144
      0.79   0.340874    1.95144
       0.8   0.340874    1.95144
      0.81   0.340874    1.95144
      0.82   0.340874    1.95144
      0.83   0.340874    1.95144
      0.84   0.340874    1.95144
      0.85   0.340874    1.95144
      0.86   0.340874    1.95144
      0.87   0.340874    1.95144
      0.88   0.340874    1.95144
      0.89   0.340874    1.95144
       0.9   0.340874    1.95144
      0.91   0.340874    1.95144
      0.92   0.340874    1.95144
      0.93   0.340874    1.95144
      0.94   0.340874    1.95144
      0.95   0.340874    1.95144
      0.96   0.340874    1.95144
      0.97   0.340874    1.95144
      0.98   0.340874    1.95144
      0.99   0.340874    1.95144
