      0.01      14279      15569       5225      11110
      0.02      13049      15569       4147       7056
      0.03      12167      15569       3539       4924
      0.04      11800      15569       3292       4235
      0.05      11464      15569       3048       3831
      0.06      11141      15569       2876       3618
      0.07      10526      15569       2598       3188
      0.08      10144      15569       2528       3114
      0.09       9951      15569       2347       2708
       0.1       9954      15569       2345       2682
      0.11       9383      15569       2079       2400
      0.12       9383      15569       2079       2400
      0.13       6991      15569       1598       1829
      0.14       3319      15569        765        849
      0.15       3314      15569        765        849
      0.16       3320      15569        765        849
      0.17       3318      15569        765        849
      0.18       3318      15569        765        849
      0.19       3319      15569        765        849
       0.2       3320      15569        765        849
      0.21       3319      15569        765        849
      0.22       3320      15569        765        849
      0.23       3320      15569        765        849
      0.24       3319      15569        765        849
      0.25          0      15569          0          0
      0.26          0      15569          0          0
      0.27          0      15569          0          0
      0.28          0      15569          0          0
      0.29          0      15569          0          0
       0.3          0      15569          0          0
      0.31          0      15569          0          0
      0.32          0      15569          0          0
      0.33          0      15569          0          0
      0.34          0      15569          0          0
      0.35          0      15569          0          0
      0.36          0      15569          0          0
      0.37          0      15569          0          0
      0.38          0      15569          0          0
      0.39          0      15569          0          0
       0.4          0      15569          0          0
      0.41          0      15569          0          0
      0.42          0      15569          0          0
      0.43          0      15569          0          0
      0.44          0      15569          0          0
      0.45          0      15569          0          0
      0.46          0      15569          0          0
      0.47          0      15569          0          0
      0.48          0      15569          0          0
      0.49          0      15569          0          0
       0.5          0      15569          0          0
      0.51          0      15569          0          0
      0.52          0      15569          0          0
      0.53          0      15569          0          0
      0.54          0      15569          0          0
      0.55          0      15569          0          0
      0.56          0      15569          0          0
      0.57          0      15569          0          0
      0.58          0      15569          0          0
      0.59          0      15569          0          0
       0.6          0      15569          0          0
      0.61          0      15569          0          0
      0.62          0      15569          0          0
      0.63          0      15569          0          0
      0.64          0      15569          0          0
      0.65          0      15569          0          0
      0.66          0      15569          0          0
      0.67          0      15569          0          0
      0.68          0      15569          0          0
      0.69          0      15569          0          0
       0.7          0      15569          0          0
      0.71          0      15569          0          0
      0.72          0      15569          0          0
      0.73          0      15569          0          0
      0.74          0      15569          0          0
      0.75          0      15569          0          0
      0.76          0      15569          0          0
      0.77          0      15569          0          0
      0.78          0      15569          0          0
      0.79          0      15569          0          0
       0.8          0      15569          0          0
      0.81          0      15569          0          0
      0.82          0      15569          0          0
      0.83          0      15569          0          0
      0.84          0      15569          0          0
      0.85          0      15569          0          0
      0.86          0      15569          0          0
      0.87          0      15569          0          0
      0.88          0      15569          0          0
      0.89          0      15569          0          0
       0.9          0      15569          0          0
      0.91          0      15569          0          0
      0.92          0      15569          0          0
      0.93          0      15569          0          0
      0.94          0      15569          0          0
      0.95          0      15569          0          0
      0.96          0      15569          0          0
      0.97          0      15569          0          0
      0.98          0      15569          0          0
      0.99          0      15569          0          0
