      0.01       8595       9141       3352       7822
      0.02       8258       9141       2861       4692
      0.03       7929       9141       2536       3808
      0.04       7830       9141       2433       3414
      0.05       7584       9141       2226       3015
      0.06       7364       9141       1994       2453
      0.07       7338       9141       1972       2420
      0.08       7107       9141       1849       2235
      0.09       6876       9141       1728       1967
       0.1       6564       9141       1602       1841
      0.11       6566       9141       1602       1841
      0.12       6535       9141       1577       1816
      0.13       6539       9141       1577       1816
      0.14       6537       9141       1577       1816
      0.15       6537       9141       1577       1816
      0.16       6540       9141       1577       1816
      0.17       5631       9141       1268       1505
      0.18       5628       9141       1267       1505
      0.19       5630       9141       1267       1505
       0.2       5621       9141       1261       1437
      0.21       5622       9141       1261       1437
      0.22       5626       9141       1261       1437
      0.23       5625       9141       1260       1437
      0.24       5572       9141       1249       1421
      0.25       5569       9141       1250       1421
      0.26       5570       9141       1250       1421
      0.27       5573       9141       1250       1421
      0.28       5571       9141       1250       1421
      0.29       4862       9141       1093       1220
       0.3       4870       9141       1092       1220
      0.31       4861       9141       1092       1220
      0.32       4866       9141       1091       1220
      0.33       4869       9141       1091       1220
      0.34       4864       9141       1093       1220
      0.35       4866       9141       1092       1220
      0.36       4866       9141       1092       1220
      0.37       4865       9141       1092       1220
      0.38       1872       9141        489        603
      0.39       1870       9141        488        603
       0.4       1872       9141        490        603
      0.41       1870       9141        491        603
      0.42       1873       9141        489        603
      0.43       1871       9141        490        603
      0.44       1873       9141        489        603
      0.45       1871       9141        491        603
      0.46       1871       9141        490        603
      0.47          0       9141          0          0
      0.48          0       9141          0          0
      0.49          0       9141          0          0
       0.5          0       9141          0          0
      0.51          0       9141          0          0
      0.52          0       9141          0          0
      0.53          0       9141          0          0
      0.54          0       9141          0          0
      0.55          0       9141          0          0
      0.56          0       9141          0          0
      0.57          0       9141          0          0
      0.58          0       9141          0          0
      0.59          0       9141          0          0
       0.6          0       9141          0          0
      0.61          0       9141          0          0
      0.62          0       9141          0          0
      0.63          0       9141          0          0
      0.64          0       9141          0          0
      0.65          0       9141          0          0
      0.66          0       9141          0          0
      0.67          0       9141          0          0
      0.68          0       9141          0          0
      0.69          0       9141          0          0
       0.7          0       9141          0          0
      0.71          0       9141          0          0
      0.72          0       9141          0          0
      0.73          0       9141          0          0
      0.74          0       9141          0          0
      0.75          0       9141          0          0
      0.76          0       9141          0          0
      0.77          0       9141          0          0
      0.78          0       9141          0          0
      0.79          0       9141          0          0
       0.8          0       9141          0          0
      0.81          0       9141          0          0
      0.82          0       9141          0          0
      0.83          0       9141          0          0
      0.84          0       9141          0          0
      0.85          0       9141          0          0
      0.86          0       9141          0          0
      0.87          0       9141          0          0
      0.88          0       9141          0          0
      0.89          0       9141          0          0
       0.9          0       9141          0          0
      0.91          0       9141          0          0
      0.92          0       9141          0          0
      0.93          0       9141          0          0
      0.94          0       9141          0          0
      0.95          0       9141          0          0
      0.96          0       9141          0          0
      0.97          0       9141          0          0
      0.98          0       9141          0          0
      0.99          0       9141          0          0
