      0.01    0.76535      3.503
      0.02   0.784177    2.47588
      0.03   0.797099    2.10743
      0.04   0.808871    1.85525
      0.05   0.851618    1.48069
      0.06   0.868767    1.27075
      0.07   0.868137    1.25824
      0.08   0.824839    1.40967
      0.09   0.825016    1.35336
       0.1   0.821567    1.34511
      0.11   0.821567    1.34511
      0.12   0.816941    1.33151
      0.13   0.816941    1.33151
      0.14   0.816941    1.33151
      0.15   0.816941    1.33151
      0.16   0.816941    1.33151
      0.17   0.787303    1.33183
      0.18   0.787303    1.33183
      0.19   0.787303    1.33183
       0.2   0.787801    1.31057
      0.21   0.787801    1.31057
      0.22   0.787801    1.31057
      0.23   0.787801    1.31057
      0.24   0.787445    1.31252
      0.25   0.787445    1.31252
      0.26   0.787445    1.31252
      0.27   0.787445    1.31252
      0.28   0.787445    1.31252
      0.29   0.764097    1.27985
       0.3   0.764097    1.27985
      0.31   0.764097    1.27985
      0.32   0.764097    1.27985
      0.33   0.764097    1.27985
      0.34   0.764097    1.27985
      0.35   0.764097    1.27985
      0.36   0.764097    1.27985
      0.37   0.764097    1.27985
      0.38   0.458613     1.9494
      0.39   0.458613     1.9494
       0.4   0.458613     1.9494
      0.41   0.458613     1.9494
      0.42   0.458613     1.9494
      0.43   0.458613     1.9494
      0.44   0.458613     1.9494
      0.45   0.458613     1.9494
      0.46   0.458613     1.9494
      0.47   0.325173    1.94385
      0.48   0.325173    1.94385
      0.49   0.325173    1.94385
       0.5   0.325173    1.94385
      0.51   0.325173    1.94385
      0.52   0.325173    1.94385
      0.53   0.325173    1.94385
      0.54   0.325173    1.94385
      0.55   0.325173    1.94385
      0.56   0.325173    1.94385
      0.57   0.325173    1.94385
      0.58   0.325173    1.94385
      0.59   0.325173    1.94385
       0.6   0.325173    1.94385
      0.61   0.325173    1.94385
      0.62   0.325173    1.94385
      0.63   0.325173    1.94385
      0.64   0.325173    1.94385
      0.65   0.325173    1.94385
      0.66   0.325173    1.94385
      0.67   0.325173    1.94385
      0.68   0.325173    1.94385
      0.69   0.325173    1.94385
       0.7   0.325173    1.94385
      0.71   0.325173    1.94385
      0.72   0.325173    1.94385
      0.73   0.325173    1.94385
      0.74   0.325173    1.94385
      0.75   0.325173    1.94385
      0.76   0.325173    1.94385
      0.77   0.325173    1.94385
      0.78   0.325173    1.94385
      0.79   0.325173    1.94385
       0.8   0.325173    1.94385
      0.81   0.325173    1.94385
      0.82   0.325173    1.94385
      0.83   0.325173    1.94385
      0.84   0.325173    1.94385
      0.85   0.325173    1.94385
      0.86   0.325173    1.94385
      0.87   0.325173    1.94385
      0.88   0.325173    1.94385
      0.89   0.325173    1.94385
       0.9   0.325173    1.94385
      0.91   0.325173    1.94385
      0.92   0.325173    1.94385
      0.93   0.325173    1.94385
      0.94   0.325173    1.94385
      0.95   0.325173    1.94385
      0.96   0.325173    1.94385
      0.97   0.325173    1.94385
      0.98   0.325173    1.94385
      0.99   0.325173    1.94385
