      0.01     336233     772005    62749.6     154401
      0.02     388262     772005    81205.7     154401
      0.03     414656     772005    89896.9     154401
      0.04     452397     772005    98593.5     154401
      0.05     549309     772005     120757     154401
      0.06     572713     772005     129179     154401
      0.07     571525     772005     129317     154401
      0.08     539149     772005     124183     154401
      0.09     529043     772005     124084     154401
       0.1     526891     772005     124022     154401
      0.11     526891     772005     124022     154401
      0.12     523316     772005     123784     154401
      0.13     523316     772005     123784     154401
      0.14     523316     772005     123784     154401
      0.15     523316     772005     123784     154401
      0.16     523316     772005     123784     154401
      0.17     488662     772005     118195     154401
      0.18     488662     772005     118195     154401
      0.19     488662     772005     118195     154401
       0.2     490377     772005     119071     154401
      0.21     490377     772005     119071     154401
      0.22     490377     772005     119071     154401
      0.23     490377     772005     119071     154401
      0.24     489901     772005     119073     154401
      0.25     489901     772005     119073     154401
      0.26     489901     772005     119073     154401
      0.27     489901     772005     119073     154401
      0.28     489901     772005     119073     154401
      0.29     469611     772005     113075     154401
       0.3     469611     772005     113075     154401
      0.31     469611     772005     113075     154401
      0.32     469611     772005     113075     154401
      0.33     469611     772005     113075     154401
      0.34     469611     772005     113075     154401
      0.35     469611     772005     113075     154401
      0.36     469611     772005     113075     154401
      0.37     469611     772005     113075     154401
      0.38     262549     772005    75602.1     154401
      0.39     262549     772005    75602.1     154401
       0.4     262549     772005    75602.1     154401
      0.41     262549     772005    75602.1     154401
      0.42     262549     772005    75602.1     154401
      0.43     262549     772005    75602.1     154401
      0.44     262549     772005    75602.1     154401
      0.45     262549     772005    75602.1     154401
      0.46     262549     772005    75602.1     154401
      0.47     251039     772005      92893     154401
      0.48     251039     772005      92893     154401
      0.49     251039     772005      92893     154401
       0.5     251039     772005      92893     154401
      0.51     251039     772005      92893     154401
      0.52     251039     772005      92893     154401
      0.53     251039     772005      92893     154401
      0.54     251039     772005      92893     154401
      0.55     251039     772005      92893     154401
      0.56     251039     772005      92893     154401
      0.57     251039     772005      92893     154401
      0.58     251039     772005      92893     154401
      0.59     251039     772005      92893     154401
       0.6     251039     772005      92893     154401
      0.61     251039     772005      92893     154401
      0.62     251039     772005      92893     154401
      0.63     251039     772005      92893     154401
      0.64     251039     772005      92893     154401
      0.65     251039     772005      92893     154401
      0.66     251039     772005      92893     154401
      0.67     251039     772005      92893     154401
      0.68     251039     772005      92893     154401
      0.69     251039     772005      92893     154401
       0.7     251039     772005      92893     154401
      0.71     251039     772005      92893     154401
      0.72     251039     772005      92893     154401
      0.73     251039     772005      92893     154401
      0.74     251039     772005      92893     154401
      0.75     251039     772005      92893     154401
      0.76     251039     772005      92893     154401
      0.77     251039     772005      92893     154401
      0.78     251039     772005      92893     154401
      0.79     251039     772005      92893     154401
       0.8     251039     772005      92893     154401
      0.81     251039     772005      92893     154401
      0.82     251039     772005      92893     154401
      0.83     251039     772005      92893     154401
      0.84     251039     772005      92893     154401
      0.85     251039     772005      92893     154401
      0.86     251039     772005      92893     154401
      0.87     251039     772005      92893     154401
      0.88     251039     772005      92893     154401
      0.89     251039     772005      92893     154401
       0.9     251039     772005      92893     154401
      0.91     251039     772005      92893     154401
      0.92     251039     772005      92893     154401
      0.93     251039     772005      92893     154401
      0.94     251039     772005      92893     154401
      0.95     251039     772005      92893     154401
      0.96     251039     772005      92893     154401
      0.97     251039     772005      92893     154401
      0.98     251039     772005      92893     154401
      0.99     251039     772005      92893     154401
