      0.01     448008     772005    82024.4     154401
      0.02     553895     772005     110327     154401
      0.03     584172     772005     116780     154401
      0.04     589224     772005     122750     154401
      0.05     591164     772005     124535     154401
      0.06     618494     772005     131451     154401
      0.07     619434     772005     131846     154401
      0.08     619434     772005     131852     154401
      0.09     496852     772005     113500     154401
       0.1     498524     772005     114385     154401
      0.11     489408     772005     117970     154401
      0.12     489408     772005     117970     154401
      0.13     488983     772005     117912     154401
      0.14     488057     772005     117812     154401
      0.15     488057     772005     117812     154401
      0.16     390868     772005     113337     154401
      0.17     390868     772005     113337     154401
      0.18     390868     772005     113337     154401
      0.19     389637     772005     113106     154401
       0.2     389637     772005     113106     154401
      0.21     389637     772005     113106     154401
      0.22     386763     772005     112705     154401
      0.23     386763     772005     112705     154401
      0.24     386763     772005     112705     154401
      0.25     386763     772005     112705     154401
      0.26     386763     772005     112705     154401
      0.27     386763     772005     112705     154401
      0.28     386763     772005     112705     154401
      0.29     381841     772005     113725     154401
       0.3     381841     772005     113725     154401
      0.31     356161     772005     118175     154401
      0.32     356161     772005     118175     154401
      0.33     356161     772005     118175     154401
      0.34     356161     772005     118175     154401
      0.35     356161     772005     118175     154401
      0.36     356161     772005     118175     154401
      0.37     356161     772005     118175     154401
      0.38     356161     772005     118175     154401
      0.39     356161     772005     118175     154401
       0.4     356161     772005     118175     154401
      0.41     356161     772005     118175     154401
      0.42     356161     772005     118175     154401
      0.43     356161     772005     118175     154401
      0.44     356161     772005     118175     154401
      0.45     356161     772005     118175     154401
      0.46     356161     772005     118175     154401
      0.47     356161     772005     118175     154401
      0.48     356161     772005     118175     154401
      0.49     356161     772005     118175     154401
       0.5     356161     772005     118175     154401
      0.51     180320     772005      76942     154401
      0.52     180320     772005      76942     154401
      0.53     180320     772005      76942     154401
      0.54     180320     772005      76942     154401
      0.55     180320     772005      76942     154401
      0.56     180320     772005      76942     154401
      0.57     180320     772005      76942     154401
      0.58     180320     772005      76942     154401
      0.59     180320     772005      76942     154401
       0.6     180320     772005      76942     154401
      0.61     180320     772005      76942     154401
      0.62     180320     772005      76942     154401
      0.63     180320     772005      76942     154401
      0.64     180320     772005      76942     154401
      0.65     180320     772005      76942     154401
      0.66     180320     772005      76942     154401
      0.67     180320     772005      76942     154401
      0.68     180320     772005      76942     154401
      0.69     180320     772005      76942     154401
       0.7     180320     772005      76942     154401
      0.71     180320     772005      76942     154401
      0.72     180320     772005      76942     154401
      0.73     180320     772005      76942     154401
      0.74     180320     772005      76942     154401
      0.75     180320     772005      76942     154401
      0.76     180320     772005      76942     154401
      0.77     180320     772005      76942     154401
      0.78     180320     772005      76942     154401
      0.79     180320     772005      76942     154401
       0.8     180320     772005      76942     154401
      0.81     180320     772005      76942     154401
      0.82     180320     772005      76942     154401
      0.83     180320     772005      76942     154401
      0.84     180320     772005      76942     154401
      0.85     180320     772005      76942     154401
      0.86     180320     772005      76942     154401
      0.87     180320     772005      76942     154401
      0.88     180320     772005      76942     154401
      0.89     180320     772005      76942     154401
       0.9     180320     772005      76942     154401
      0.91     180320     772005      76942     154401
      0.92     180320     772005      76942     154401
      0.93     180320     772005      76942     154401
      0.94     180320     772005      76942     154401
      0.95     180320     772005      76942     154401
      0.96     180320     772005      76942     154401
      0.97     180320     772005      76942     154401
      0.98     180320     772005      76942     154401
      0.99     180320     772005      76942     154401
