      0.01      15509      16106       4391       8056
      0.02      14533      16106       3841       5187
      0.03      13384      16106       3408       4167
      0.04      11601      16106       2807       3303
      0.05      10997      16106       2633       2952
      0.06      10225      16106       2409       2717
      0.07      10065      16106       2377       2685
      0.08      10066      16106       2378       2675
      0.09       8909      16106       2029       2200
       0.1       8701      16106       1979       2131
      0.11       7054      16106       1603       1658
      0.12       7054      16106       1603       1658
      0.13       6919      16106       1570       1570
      0.14       6701      16106       1527       1527
      0.15       6702      16106       1527       1527
      0.16       4531      16106        955        955
      0.17       4532      16106        955        955
      0.18       4530      16106        955        955
      0.19       4274      16106        903        903
       0.2       4272      16106        903        903
      0.21       4273      16106        903        903
      0.22       3975      16106        843        843
      0.23       3975      16106        843        843
      0.24       3974      16106        843        843
      0.25       3974      16106        843        843
      0.26       3972      16106        843        843
      0.27       3975      16106        843        843
      0.28       3973      16106        843        843
      0.29       3440      16106        713        713
       0.3       3440      16106        713        713
      0.31       2504      16106        517        517
      0.32       2501      16106        517        517
      0.33       2504      16106        517        517
      0.34       2502      16106        517        517
      0.35       2503      16106        517        517
      0.36       2503      16106        517        517
      0.37       2503      16106        517        517
      0.38       2501      16106        517        517
      0.39       2503      16106        517        517
       0.4       2503      16106        517        517
      0.41       2502      16106        517        517
      0.42       2503      16106        517        517
      0.43       2504      16106        517        517
      0.44       2502      16106        517        517
      0.45       2503      16106        517        517
      0.46       2504      16106        517        517
      0.47       2504      16106        517        517
      0.48       2502      16106        517        517
      0.49       2503      16106        517        517
       0.5       2500      16106        517        517
      0.51          0      16106          0          0
      0.52          0      16106          0          0
      0.53          0      16106          0          0
      0.54          0      16106          0          0
      0.55          0      16106          0          0
      0.56          0      16106          0          0
      0.57          0      16106          0          0
      0.58          0      16106          0          0
      0.59          0      16106          0          0
       0.6          0      16106          0          0
      0.61          0      16106          0          0
      0.62          0      16106          0          0
      0.63          0      16106          0          0
      0.64          0      16106          0          0
      0.65          0      16106          0          0
      0.66          0      16106          0          0
      0.67          0      16106          0          0
      0.68          0      16106          0          0
      0.69          0      16106          0          0
       0.7          0      16106          0          0
      0.71          0      16106          0          0
      0.72          0      16106          0          0
      0.73          0      16106          0          0
      0.74          0      16106          0          0
      0.75          0      16106          0          0
      0.76          0      16106          0          0
      0.77          0      16106          0          0
      0.78          0      16106          0          0
      0.79          0      16106          0          0
       0.8          0      16106          0          0
      0.81          0      16106          0          0
      0.82          0      16106          0          0
      0.83          0      16106          0          0
      0.84          0      16106          0          0
      0.85          0      16106          0          0
      0.86          0      16106          0          0
      0.87          0      16106          0          0
      0.88          0      16106          0          0
      0.89          0      16106          0          0
       0.9          0      16106          0          0
      0.91          0      16106          0          0
      0.92          0      16106          0          0
      0.93          0      16106          0          0
      0.94          0      16106          0          0
      0.95          0      16106          0          0
      0.96          0      16106          0          0
      0.97          0      16106          0          0
      0.98          0      16106          0          0
      0.99          0      16106          0          0
