      0.01   0.879412    2.72083
      0.02   0.921862    1.77524
      0.03   0.925743     1.4661
      0.04   0.924613    1.26755
      0.05   0.925769    1.18006
      0.06   0.929635    1.04789
      0.07   0.929983    1.03475
      0.08   0.929985    1.03272
      0.09   0.857615    1.26048
       0.1   0.857798    1.24115
      0.11   0.852449    1.13482
      0.12   0.852449    1.13482
      0.13   0.851733    1.12676
      0.14   0.850852     1.1334
      0.15   0.850852     1.1334
      0.16   0.765042    1.37203
      0.17   0.765042    1.37203
      0.18   0.765042    1.37203
      0.19   0.762846    1.38432
       0.2   0.762846    1.38432
      0.21   0.762846    1.38432
      0.22   0.760057    1.40483
      0.23   0.760057    1.40483
      0.24   0.760057    1.40483
      0.25   0.760057    1.40483
      0.26   0.760057    1.40483
      0.27   0.760057    1.40483
      0.28   0.760057    1.40483
      0.29   0.750927    1.44305
       0.3   0.750927    1.44305
      0.31   0.721736    1.52266
      0.32   0.721736    1.52266
      0.33   0.721736    1.52266
      0.34   0.721736    1.52266
      0.35   0.721736    1.52266
      0.36   0.721736    1.52266
      0.37   0.721736    1.52266
      0.38   0.721736    1.52266
      0.39   0.721736    1.52266
       0.4   0.721736    1.52266
      0.41   0.721736    1.52266
      0.42   0.721736    1.52266
      0.43   0.721736    1.52266
      0.44   0.721736    1.52266
      0.45   0.721736    1.52266
      0.46   0.721736    1.52266
      0.47   0.721736    1.52266
      0.48   0.721736    1.52266
      0.49   0.721736    1.52266
       0.5   0.721736    1.52266
      0.51   0.233569    2.42153
      0.52   0.233569    2.42153
      0.53   0.233569    2.42153
      0.54   0.233569    2.42153
      0.55   0.233569    2.42153
      0.56   0.233569    2.42153
      0.57   0.233569    2.42153
      0.58   0.233569    2.42153
      0.59   0.233569    2.42153
       0.6   0.233569    2.42153
      0.61   0.233569    2.42153
      0.62   0.233569    2.42153
      0.63   0.233569    2.42153
      0.64   0.233569    2.42153
      0.65   0.233569    2.42153
      0.66   0.233569    2.42153
      0.67   0.233569    2.42153
      0.68   0.233569    2.42153
      0.69   0.233569    2.42153
       0.7   0.233569    2.42153
      0.71   0.233569    2.42153
      0.72   0.233569    2.42153
      0.73   0.233569    2.42153
      0.74   0.233569    2.42153
      0.75   0.233569    2.42153
      0.76   0.233569    2.42153
      0.77   0.233569    2.42153
      0.78   0.233569    2.42153
      0.79   0.233569    2.42153
       0.8   0.233569    2.42153
      0.81   0.233569    2.42153
      0.82   0.233569    2.42153
      0.83   0.233569    2.42153
      0.84   0.233569    2.42153
      0.85   0.233569    2.42153
      0.86   0.233569    2.42153
      0.87   0.233569    2.42153
      0.88   0.233569    2.42153
      0.89   0.233569    2.42153
       0.9   0.233569    2.42153
      0.91   0.233569    2.42153
      0.92   0.233569    2.42153
      0.93   0.233569    2.42153
      0.94   0.233569    2.42153
      0.95   0.233569    2.42153
      0.96   0.233569    2.42153
      0.97   0.233569    2.42153
      0.98   0.233569    2.42153
      0.99   0.233569    2.42153
