      0.01      14139      17158       5627      10040
      0.02      12247      17158       4086       6527
      0.03      11892      17158       3837       6003
      0.04      11277      17158       3453       5176
      0.05      10706      17158       3106       4379
      0.06       9805      17158       2565       3540
      0.07       9584      17158       2413       2978
      0.08       9349      17158       2331       2816
      0.09       8683      17158       1984       2342
       0.1       8461      17158       1858       1993
      0.11       8462      17158       1857       1993
      0.12       8249      17158       1670       1806
      0.13       8226      17158       1651       1787
      0.14       8197      17158       1644       1780
      0.15       7753      17158       1512       1648
      0.16       7752      17158       1512       1648
      0.17       7751      17158       1512       1648
      0.18       7754      17158       1512       1648
      0.19       7365      17158       1433       1569
       0.2       7362      17158       1428       1549
      0.21       7364      17158       1428       1549
      0.22       5705      17158       1098       1219
      0.23       5710      17158       1098       1219
      0.24       4976      17158        939       1060
      0.25       4975      17158        939       1060
      0.26       4975      17158        939       1060
      0.27       4973      17158        939       1060
      0.28       4978      17158        939       1060
      0.29       4570      17158        840        840
       0.3       4571      17158        840        840
      0.31       4567      17158        840        840
      0.32          0      17158          0          0
      0.33          0      17158          0          0
      0.34          0      17158          0          0
      0.35          0      17158          0          0
      0.36          0      17158          0          0
      0.37          0      17158          0          0
      0.38          0      17158          0          0
      0.39          0      17158          0          0
       0.4          0      17158          0          0
      0.41          0      17158          0          0
      0.42          0      17158          0          0
      0.43          0      17158          0          0
      0.44          0      17158          0          0
      0.45          0      17158          0          0
      0.46          0      17158          0          0
      0.47          0      17158          0          0
      0.48          0      17158          0          0
      0.49          0      17158          0          0
       0.5          0      17158          0          0
      0.51          0      17158          0          0
      0.52          0      17158          0          0
      0.53          0      17158          0          0
      0.54          0      17158          0          0
      0.55          0      17158          0          0
      0.56          0      17158          0          0
      0.57          0      17158          0          0
      0.58          0      17158          0          0
      0.59          0      17158          0          0
       0.6          0      17158          0          0
      0.61          0      17158          0          0
      0.62          0      17158          0          0
      0.63          0      17158          0          0
      0.64          0      17158          0          0
      0.65          0      17158          0          0
      0.66          0      17158          0          0
      0.67          0      17158          0          0
      0.68          0      17158          0          0
      0.69          0      17158          0          0
       0.7          0      17158          0          0
      0.71          0      17158          0          0
      0.72          0      17158          0          0
      0.73          0      17158          0          0
      0.74          0      17158          0          0
      0.75          0      17158          0          0
      0.76          0      17158          0          0
      0.77          0      17158          0          0
      0.78          0      17158          0          0
      0.79          0      17158          0          0
       0.8          0      17158          0          0
      0.81          0      17158          0          0
      0.82          0      17158          0          0
      0.83          0      17158          0          0
      0.84          0      17158          0          0
      0.85          0      17158          0          0
      0.86          0      17158          0          0
      0.87          0      17158          0          0
      0.88          0      17158          0          0
      0.89          0      17158          0          0
       0.9          0      17158          0          0
      0.91          0      17158          0          0
      0.92          0      17158          0          0
      0.93          0      17158          0          0
      0.94          0      17158          0          0
      0.95          0      17158          0          0
      0.96          0      17158          0          0
      0.97          0      17158          0          0
      0.98          0      17158          0          0
      0.99          0      17158          0          0
