      0.01     0.4754    4.78886
      0.02   0.515989    3.64918
      0.03   0.516591    3.50865
      0.04   0.522123    3.26118
      0.05   0.537038    3.04292
      0.06    0.55621    2.81632
      0.07   0.564938    2.66804
      0.08   0.564852    2.66104
      0.09   0.562044    2.57852
       0.1   0.577145    2.37953
      0.11   0.577145    2.37953
      0.12   0.597668    2.16182
      0.13   0.597684    2.15799
      0.14   0.597577    2.15985
      0.15   0.597275    2.15678
      0.16   0.597275    2.15678
      0.17   0.597275    2.15678
      0.18   0.597275    2.15678
      0.19   0.594913    2.19523
       0.2   0.594916    2.19124
      0.21   0.594916    2.19124
      0.22   0.596007    2.11121
      0.23   0.596007    2.11121
      0.24     0.5955    2.11525
      0.25     0.5955    2.11525
      0.26     0.5955    2.11525
      0.27     0.5955    2.11525
      0.28     0.5955    2.11525
      0.29   0.735966    1.63247
       0.3   0.735966    1.63247
      0.31   0.735966    1.63247
      0.32   0.555624    1.89193
      0.33   0.555624    1.89193
      0.34   0.555624    1.89193
      0.35   0.555624    1.89193
      0.36   0.555624    1.89193
      0.37   0.555624    1.89193
      0.38   0.555624    1.89193
      0.39   0.555624    1.89193
       0.4   0.555624    1.89193
      0.41   0.555624    1.89193
      0.42   0.555624    1.89193
      0.43   0.555624    1.89193
      0.44   0.555624    1.89193
      0.45   0.555624    1.89193
      0.46   0.555624    1.89193
      0.47   0.555624    1.89193
      0.48   0.555624    1.89193
      0.49   0.555624    1.89193
       0.5   0.555624    1.89193
      0.51   0.555624    1.89193
      0.52   0.555624    1.89193
      0.53   0.555624    1.89193
      0.54   0.555624    1.89193
      0.55   0.555624    1.89193
      0.56   0.555624    1.89193
      0.57   0.555624    1.89193
      0.58   0.555624    1.89193
      0.59   0.555624    1.89193
       0.6   0.555624    1.89193
      0.61   0.555624    1.89193
      0.62   0.555624    1.89193
      0.63   0.555624    1.89193
      0.64   0.555624    1.89193
      0.65   0.555624    1.89193
      0.66   0.555624    1.89193
      0.67   0.555624    1.89193
      0.68   0.555624    1.89193
      0.69   0.555624    1.89193
       0.7   0.555624    1.89193
      0.71   0.555624    1.89193
      0.72   0.555624    1.89193
      0.73   0.555624    1.89193
      0.74   0.555624    1.89193
      0.75   0.555624    1.89193
      0.76   0.555624    1.89193
      0.77   0.555624    1.89193
      0.78   0.555624    1.89193
      0.79   0.555624    1.89193
       0.8   0.555624    1.89193
      0.81   0.555624    1.89193
      0.82   0.555624    1.89193
      0.83   0.555624    1.89193
      0.84   0.555624    1.89193
      0.85   0.555624    1.89193
      0.86   0.555624    1.89193
      0.87   0.555624    1.89193
      0.88   0.555624    1.89193
      0.89   0.555624    1.89193
       0.9   0.555624    1.89193
      0.91   0.555624    1.89193
      0.92   0.555624    1.89193
      0.93   0.555624    1.89193
      0.94   0.555624    1.89193
      0.95   0.555624    1.89193
      0.96   0.555624    1.89193
      0.97   0.555624    1.89193
      0.98   0.555624    1.89193
      0.99   0.555624    1.89193
