      0.01     236936     926406    55175.1     154401
      0.02     366447     926406    78176.9     154401
      0.03     368919     926406    82360.9     154401
      0.04     364850     926406    81826.7     154401
      0.05     389995     926406      86515     154401
      0.06     411319     926406      89812     154401
      0.07     404282     926406    85980.9     154401
      0.08     401406     926406    85507.8     154401
      0.09     381201     926406    75502.7     154401
       0.1     379396     926406    75557.6     154401
      0.11     379396     926406    75557.6     154401
      0.12     371732     926406    76988.4     154401
      0.13     371728     926406    77050.7     154401
      0.14     367395     926406      75821     154401
      0.15     370538     926406    77998.9     154401
      0.16     370538     926406    77998.9     154401
      0.17     370538     926406    77998.9     154401
      0.18     370538     926406    77998.9     154401
      0.19     365722     926406    75336.6     154401
       0.2     365580     926406    75322.3     154401
      0.21     365580     926406    75322.3     154401
      0.22     362198     926406    76141.2     154401
      0.23     362198     926406    76141.2     154401
      0.24     360033     926406    76468.2     154401
      0.25     360033     926406    76468.2     154401
      0.26     360033     926406    76468.2     154401
      0.27     360033     926406    76468.2     154401
      0.28     360033     926406    76468.2     154401
      0.29     609081     926406     135867     154401
       0.3     609081     926406     135867     154401
      0.31     609081     926406     135867     154401
      0.32     514736     926406     126623     154401
      0.33     514736     926406     126623     154401
      0.34     514736     926406     126623     154401
      0.35     514736     926406     126623     154401
      0.36     514736     926406     126623     154401
      0.37     514736     926406     126623     154401
      0.38     514736     926406     126623     154401
      0.39     514736     926406     126623     154401
       0.4     514736     926406     126623     154401
      0.41     514736     926406     126623     154401
      0.42     514736     926406     126623     154401
      0.43     514736     926406     126623     154401
      0.44     514736     926406     126623     154401
      0.45     514736     926406     126623     154401
      0.46     514736     926406     126623     154401
      0.47     514736     926406     126623     154401
      0.48     514736     926406     126623     154401
      0.49     514736     926406     126623     154401
       0.5     514736     926406     126623     154401
      0.51     514736     926406     126623     154401
      0.52     514736     926406     126623     154401
      0.53     514736     926406     126623     154401
      0.54     514736     926406     126623     154401
      0.55     514736     926406     126623     154401
      0.56     514736     926406     126623     154401
      0.57     514736     926406     126623     154401
      0.58     514736     926406     126623     154401
      0.59     514736     926406     126623     154401
       0.6     514736     926406     126623     154401
      0.61     514736     926406     126623     154401
      0.62     514736     926406     126623     154401
      0.63     514736     926406     126623     154401
      0.64     514736     926406     126623     154401
      0.65     514736     926406     126623     154401
      0.66     514736     926406     126623     154401
      0.67     514736     926406     126623     154401
      0.68     514736     926406     126623     154401
      0.69     514736     926406     126623     154401
       0.7     514736     926406     126623     154401
      0.71     514736     926406     126623     154401
      0.72     514736     926406     126623     154401
      0.73     514736     926406     126623     154401
      0.74     514736     926406     126623     154401
      0.75     514736     926406     126623     154401
      0.76     514736     926406     126623     154401
      0.77     514736     926406     126623     154401
      0.78     514736     926406     126623     154401
      0.79     514736     926406     126623     154401
       0.8     514736     926406     126623     154401
      0.81     514736     926406     126623     154401
      0.82     514736     926406     126623     154401
      0.83     514736     926406     126623     154401
      0.84     514736     926406     126623     154401
      0.85     514736     926406     126623     154401
      0.86     514736     926406     126623     154401
      0.87     514736     926406     126623     154401
      0.88     514736     926406     126623     154401
      0.89     514736     926406     126623     154401
       0.9     514736     926406     126623     154401
      0.91     514736     926406     126623     154401
      0.92     514736     926406     126623     154401
      0.93     514736     926406     126623     154401
      0.94     514736     926406     126623     154401
      0.95     514736     926406     126623     154401
      0.96     514736     926406     126623     154401
      0.97     514736     926406     126623     154401
      0.98     514736     926406     126623     154401
      0.99     514736     926406     126623     154401
