      0.01   0.835563     5.0377
      0.02   0.858604    3.37117
      0.03   0.870861    2.79828
      0.04   0.895999    2.30102
      0.05   0.886513    2.17931
      0.06   0.846356    2.26896
      0.07   0.842586    2.23287
      0.08   0.811043    2.11648
      0.09   0.807139    2.09571
       0.1   0.807139    2.09571
      0.11   0.808679    2.02885
      0.12    0.72481    2.19943
      0.13     0.7244    2.19651
      0.14   0.657403    2.19724
      0.15    0.61898    2.34961
      0.16    0.61898    2.34961
      0.17    0.61898    2.34961
      0.18    0.60467    2.41623
      0.19    0.60467    2.41623
       0.2   0.602499    2.40561
      0.21   0.602499    2.40561
      0.22   0.602499    2.40561
      0.23   0.602499    2.40561
      0.24     0.5927    2.41512
      0.25   0.589877    2.40254
      0.26   0.589877    2.40254
      0.27   0.589877    2.40254
      0.28   0.589877    2.40254
      0.29   0.589877    2.40254
       0.3   0.584848    2.38375
      0.31   0.582961    2.37363
      0.32   0.582961    2.37363
      0.33   0.582961    2.37363
      0.34   0.582961    2.37363
      0.35   0.175231    3.11253
      0.36   0.175231    3.11253
      0.37   0.175231    3.11253
      0.38   0.175231    3.11253
      0.39   0.175231    3.11253
       0.4   0.175231    3.11253
      0.41   0.175231    3.11253
      0.42   0.175231    3.11253
      0.43   0.175231    3.11253
      0.44   0.175231    3.11253
      0.45   0.175231    3.11253
      0.46   0.175231    3.11253
      0.47   0.175231    3.11253
      0.48   0.175231    3.11253
      0.49   0.175231    3.11253
       0.5   0.175231    3.11253
      0.51   0.175231    3.11253
      0.52   0.175231    3.11253
      0.53   0.175231    3.11253
      0.54   0.175231    3.11253
      0.55   0.175231    3.11253
      0.56   0.175231    3.11253
      0.57   0.175231    3.11253
      0.58   0.175231    3.11253
      0.59   0.175231    3.11253
       0.6   0.175231    3.11253
      0.61   0.175231    3.11253
      0.62   0.175231    3.11253
      0.63   0.175231    3.11253
      0.64   0.175231    3.11253
      0.65   0.175231    3.11253
      0.66   0.175231    3.11253
      0.67   0.175231    3.11253
      0.68   0.175231    3.11253
      0.69   0.175231    3.11253
       0.7   0.175231    3.11253
      0.71   0.175231    3.11253
      0.72   0.175231    3.11253
      0.73   0.175231    3.11253
      0.74   0.175231    3.11253
      0.75   0.175231    3.11253
      0.76   0.175231    3.11253
      0.77   0.175231    3.11253
      0.78   0.175231    3.11253
      0.79   0.175231    3.11253
       0.8   0.175231    3.11253
      0.81   0.175231    3.11253
      0.82   0.175231    3.11253
      0.83   0.175231    3.11253
      0.84   0.175231    3.11253
      0.85   0.175231    3.11253
      0.86   0.175231    3.11253
      0.87   0.175231    3.11253
      0.88   0.175231    3.11253
      0.89   0.175231    3.11253
       0.9   0.175231    3.11253
      0.91   0.175231    3.11253
      0.92   0.175231    3.11253
      0.93   0.175231    3.11253
      0.94   0.175231    3.11253
      0.95   0.175231    3.11253
      0.96   0.175231    3.11253
      0.97   0.175231    3.11253
      0.98   0.175231    3.11253
      0.99   0.175231    3.11253
