      0.01      16224      17074       7990      14178
      0.02      13514      17074       5982       7518
      0.03      11854      17074       4716       5445
      0.04      10504      17074       3913       4226
      0.05       9828      17074       3448       3668
      0.06       9124      17074       3261       3439
      0.07       9004      17074       3145       3308
      0.08       7848      17074       2540       2682
      0.09       7602      17074       2425       2544
       0.1       7603      17074       2426       2544
      0.11       7286      17074       2243       2355
      0.12       6686      17074       2023       2095
      0.13       6656      17074       1990       2061
      0.14       6061      17074       1600       1605
      0.15       5416      17074       1444       1449
      0.16       5416      17074       1445       1449
      0.17       5416      17074       1445       1449
      0.18       4850      17074       1332       1336
      0.19       4851      17074       1333       1336
       0.2       4779      17074       1257       1259
      0.21       4776      17074       1258       1259
      0.22       4777      17074       1258       1259
      0.23       4769      17074       1257       1259
      0.24       4572      17074       1158       1158
      0.25       4489      17074       1074       1074
      0.26       4496      17074       1074       1074
      0.27       4486      17074       1073       1074
      0.28       4489      17074       1074       1074
      0.29       4493      17074       1073       1074
       0.3       4373      17074        959        960
      0.31       4307      17074        887        887
      0.32       4304      17074        887        887
      0.33       4301      17074        887        887
      0.34       4305      17074        887        887
      0.35          0      17074          0          0
      0.36          0      17074          0          0
      0.37          0      17074          0          0
      0.38          0      17074          0          0
      0.39          0      17074          0          0
       0.4          0      17074          0          0
      0.41          0      17074          0          0
      0.42          0      17074          0          0
      0.43          0      17074          0          0
      0.44          0      17074          0          0
      0.45          0      17074          0          0
      0.46          0      17074          0          0
      0.47          0      17074          0          0
      0.48          0      17074          0          0
      0.49          0      17074          0          0
       0.5          0      17074          0          0
      0.51          0      17074          0          0
      0.52          0      17074          0          0
      0.53          0      17074          0          0
      0.54          0      17074          0          0
      0.55          0      17074          0          0
      0.56          0      17074          0          0
      0.57          0      17074          0          0
      0.58          0      17074          0          0
      0.59          0      17074          0          0
       0.6          0      17074          0          0
      0.61          0      17074          0          0
      0.62          0      17074          0          0
      0.63          0      17074          0          0
      0.64          0      17074          0          0
      0.65          0      17074          0          0
      0.66          0      17074          0          0
      0.67          0      17074          0          0
      0.68          0      17074          0          0
      0.69          0      17074          0          0
       0.7          0      17074          0          0
      0.71          0      17074          0          0
      0.72          0      17074          0          0
      0.73          0      17074          0          0
      0.74          0      17074          0          0
      0.75          0      17074          0          0
      0.76          0      17074          0          0
      0.77          0      17074          0          0
      0.78          0      17074          0          0
      0.79          0      17074          0          0
       0.8          0      17074          0          0
      0.81          0      17074          0          0
      0.82          0      17074          0          0
      0.83          0      17074          0          0
      0.84          0      17074          0          0
      0.85          0      17074          0          0
      0.86          0      17074          0          0
      0.87          0      17074          0          0
      0.88          0      17074          0          0
      0.89          0      17074          0          0
       0.9          0      17074          0          0
      0.91          0      17074          0          0
      0.92          0      17074          0          0
      0.93          0      17074          0          0
      0.94          0      17074          0          0
      0.95          0      17074          0          0
      0.96          0      17074          0          0
      0.97          0      17074          0          0
      0.98          0      17074          0          0
      0.99          0      17074          0          0
