      0.01     117304     772005    31875.7     154401
      0.02     232934     772005      60871     154401
      0.03     261582     772005      67304     154401
      0.04     415770     772005    88969.3     154401
      0.05     426916     772005    90686.9     154401
      0.06     399566     772005    85097.9     154401
      0.07     399021     772005    84601.9     154401
      0.08     405219     772005    87948.4     154401
      0.09     403845     772005    87407.1     154401
       0.1     403845     772005    87407.1     154401
      0.11     415145     772005    90088.2     154401
      0.12     369737     772005    79175.3     154401
      0.13     369721     772005    79246.7     154401
      0.14     345013     772005    85116.6     154401
      0.15     331056     772005    82543.3     154401
      0.16     331056     772005    82543.3     154401
      0.17     331056     772005    82543.3     154401
      0.18     322173     772005    81016.5     154401
      0.19     322173     772005    81016.5     154401
       0.2     322202     772005    81235.6     154401
      0.21     322202     772005    81235.6     154401
      0.22     322202     772005    81235.6     154401
      0.23     322202     772005    81235.6     154401
      0.24     316850     772005    80427.7     154401
      0.25     316854     772005    80702.1     154401
      0.26     316854     772005    80702.1     154401
      0.27     316854     772005    80702.1     154401
      0.28     316854     772005    80702.1     154401
      0.29     316854     772005    80702.1     154401
       0.3     316801     772005    81220.8     154401
      0.31     316797     772005    81454.3     154401
      0.32     316797     772005    81454.3     154401
      0.33     316797     772005    81454.3     154401
      0.34     316797     772005    81454.3     154401
      0.35     135284     772005      46271     154401
      0.36     135284     772005      46271     154401
      0.37     135284     772005      46271     154401
      0.38     135284     772005      46271     154401
      0.39     135284     772005      46271     154401
       0.4     135284     772005      46271     154401
      0.41     135284     772005      46271     154401
      0.42     135284     772005      46271     154401
      0.43     135284     772005      46271     154401
      0.44     135284     772005      46271     154401
      0.45     135284     772005      46271     154401
      0.46     135284     772005      46271     154401
      0.47     135284     772005      46271     154401
      0.48     135284     772005      46271     154401
      0.49     135284     772005      46271     154401
       0.5     135284     772005      46271     154401
      0.51     135284     772005      46271     154401
      0.52     135284     772005      46271     154401
      0.53     135284     772005      46271     154401
      0.54     135284     772005      46271     154401
      0.55     135284     772005      46271     154401
      0.56     135284     772005      46271     154401
      0.57     135284     772005      46271     154401
      0.58     135284     772005      46271     154401
      0.59     135284     772005      46271     154401
       0.6     135284     772005      46271     154401
      0.61     135284     772005      46271     154401
      0.62     135284     772005      46271     154401
      0.63     135284     772005      46271     154401
      0.64     135284     772005      46271     154401
      0.65     135284     772005      46271     154401
      0.66     135284     772005      46271     154401
      0.67     135284     772005      46271     154401
      0.68     135284     772005      46271     154401
      0.69     135284     772005      46271     154401
       0.7     135284     772005      46271     154401
      0.71     135284     772005      46271     154401
      0.72     135284     772005      46271     154401
      0.73     135284     772005      46271     154401
      0.74     135284     772005      46271     154401
      0.75     135284     772005      46271     154401
      0.76     135284     772005      46271     154401
      0.77     135284     772005      46271     154401
      0.78     135284     772005      46271     154401
      0.79     135284     772005      46271     154401
       0.8     135284     772005      46271     154401
      0.81     135284     772005      46271     154401
      0.82     135284     772005      46271     154401
      0.83     135284     772005      46271     154401
      0.84     135284     772005      46271     154401
      0.85     135284     772005      46271     154401
      0.86     135284     772005      46271     154401
      0.87     135284     772005      46271     154401
      0.88     135284     772005      46271     154401
      0.89     135284     772005      46271     154401
       0.9     135284     772005      46271     154401
      0.91     135284     772005      46271     154401
      0.92     135284     772005      46271     154401
      0.93     135284     772005      46271     154401
      0.94     135284     772005      46271     154401
      0.95     135284     772005      46271     154401
      0.96     135284     772005      46271     154401
      0.97     135284     772005      46271     154401
      0.98     135284     772005      46271     154401
      0.99     135284     772005      46271     154401
