      0.01     229484     772005    35715.9     154401
      0.02     263831     772005    48224.9     154401
      0.03     319056     772005    63202.3     154401
      0.04     514130     772005     106876     154401
      0.05     534942     772005     121952     154401
      0.06     538337     772005     123811     154401
      0.07     440438     772005     115725     154401
      0.08     444724     772005     120184     154401
      0.09     439838     772005     119860     154401
       0.1     439838     772005     119860     154401
      0.11     438829     772005     119649     154401
      0.12     394234     772005     113907     154401
      0.13     386706     772005     113420     154401
      0.14     381285     772005     112490     154401
      0.15     382508     772005     112142     154401
      0.16     327684     772005     104241     154401
      0.17     327204     772005     104228     154401
      0.18     305222     772005     101348     154401
      0.19     305222     772005     101348     154401
       0.2     298147     772005     100981     154401
      0.21     298147     772005     100981     154401
      0.22     298147     772005     100981     154401
      0.23     298147     772005     100981     154401
      0.24     298147     772005     100981     154401
      0.25     298147     772005     100981     154401
      0.26     298147     772005     100981     154401
      0.27     298147     772005     100981     154401
      0.28     298147     772005     100981     154401
      0.29     298147     772005     100981     154401
       0.3     298147     772005     100981     154401
      0.31     298147     772005     100981     154401
      0.32     298147     772005     100981     154401
      0.33     298147     772005     100981     154401
      0.34     298147     772005     100981     154401
      0.35     298147     772005     100981     154401
      0.36     298147     772005     100981     154401
      0.37     298147     772005     100981     154401
      0.38     298147     772005     100981     154401
      0.39     298147     772005     100981     154401
       0.4     298147     772005     100981     154401
      0.41     298147     772005     100981     154401
      0.42     298147     772005     100981     154401
      0.43     298147     772005     100981     154401
      0.44     298147     772005     100981     154401
      0.45     298147     772005     100981     154401
      0.46     298147     772005     100981     154401
      0.47     298147     772005     100981     154401
      0.48     298147     772005     100981     154401
      0.49     298147     772005     100981     154401
       0.5     298147     772005     100981     154401
      0.51     298147     772005     100981     154401
      0.52     298147     772005     100981     154401
      0.53     298147     772005     100981     154401
      0.54     298147     772005     100981     154401
      0.55     298147     772005     100981     154401
      0.56     298147     772005     100981     154401
      0.57     298147     772005     100981     154401
      0.58     298147     772005     100981     154401
      0.59     298147     772005     100981     154401
       0.6     298147     772005     100981     154401
      0.61     298147     772005     100981     154401
      0.62     298147     772005     100981     154401
      0.63     298147     772005     100981     154401
      0.64     298147     772005     100981     154401
      0.65     298147     772005     100981     154401
      0.66     298147     772005     100981     154401
      0.67     298147     772005     100981     154401
      0.68     298147     772005     100981     154401
      0.69     290708     772005      99913     154401
       0.7     290708     772005      99913     154401
      0.71     290708     772005      99913     154401
      0.72     290708     772005      99913     154401
      0.73     290708     772005      99913     154401
      0.74     290708     772005      99913     154401
      0.75     290708     772005      99913     154401
      0.76     290708     772005      99913     154401
      0.77     290708     772005      99913     154401
      0.78     290708     772005      99913     154401
      0.79     290708     772005      99913     154401
       0.8     290708     772005      99913     154401
      0.81     290708     772005      99913     154401
      0.82     290708     772005      99913     154401
      0.83     290708     772005      99913     154401
      0.84     290708     772005      99913     154401
      0.85     290708     772005      99913     154401
      0.86     290708     772005      99913     154401
      0.87     290708     772005      99913     154401
      0.88     290708     772005      99913     154401
      0.89     290708     772005      99913     154401
       0.9     290708     772005      99913     154401
      0.91     290708     772005      99913     154401
      0.92     290708     772005      99913     154401
      0.93     290708     772005      99913     154401
      0.94     290708     772005      99913     154401
      0.95     290708     772005      99913     154401
      0.96     290708     772005      99913     154401
      0.97     290708     772005      99913     154401
      0.98     290708     772005      99913     154401
      0.99     290708     772005      99913     154401
