      0.01   0.672845    4.20227
      0.02   0.695658    3.20331
      0.03   0.724826    2.57182
      0.04   0.825339    1.80999
      0.05   0.823752    1.58084
      0.06   0.825126     1.5367
      0.07   0.691612    1.58603
      0.08   0.689893    1.50318
      0.09   0.682559    1.52909
       0.1   0.682559    1.52909
      0.11   0.679442    1.53898
      0.12   0.614496    1.73706
      0.13   0.594125    1.77216
      0.14   0.562918    1.73256
      0.15   0.562946    1.72487
      0.16   0.461923    1.95196
      0.17   0.460119    1.94979
      0.18   0.406134    2.08125
      0.19   0.406134    2.08125
       0.2    0.39175    2.09103
      0.21    0.39175    2.09103
      0.22    0.39175    2.09103
      0.23    0.39175    2.09103
      0.24    0.39175    2.09103
      0.25    0.39175    2.09103
      0.26    0.39175    2.09103
      0.27    0.39175    2.09103
      0.28    0.39175    2.09103
      0.29    0.39175    2.09103
       0.3    0.39175    2.09103
      0.31    0.39175    2.09103
      0.32    0.39175    2.09103
      0.33    0.39175    2.09103
      0.34    0.39175    2.09103
      0.35    0.39175    2.09103
      0.36    0.39175    2.09103
      0.37    0.39175    2.09103
      0.38    0.39175    2.09103
      0.39    0.39175    2.09103
       0.4    0.39175    2.09103
      0.41    0.39175    2.09103
      0.42    0.39175    2.09103
      0.43    0.39175    2.09103
      0.44    0.39175    2.09103
      0.45    0.39175    2.09103
      0.46    0.39175    2.09103
      0.47    0.39175    2.09103
      0.48    0.39175    2.09103
      0.49    0.39175    2.09103
       0.5    0.39175    2.09103
      0.51    0.39175    2.09103
      0.52    0.39175    2.09103
      0.53    0.39175    2.09103
      0.54    0.39175    2.09103
      0.55    0.39175    2.09103
      0.56    0.39175    2.09103
      0.57    0.39175    2.09103
      0.58    0.39175    2.09103
      0.59    0.39175    2.09103
       0.6    0.39175    2.09103
      0.61    0.39175    2.09103
      0.62    0.39175    2.09103
      0.63    0.39175    2.09103
      0.64    0.39175    2.09103
      0.65    0.39175    2.09103
      0.66    0.39175    2.09103
      0.67    0.39175    2.09103
      0.68    0.39175    2.09103
      0.69   0.376558    2.10876
       0.7   0.376558    2.10876
      0.71   0.376558    2.10876
      0.72   0.376558    2.10876
      0.73   0.376558    2.10876
      0.74   0.376558    2.10876
      0.75   0.376558    2.10876
      0.76   0.376558    2.10876
      0.77   0.376558    2.10876
      0.78   0.376558    2.10876
      0.79   0.376558    2.10876
       0.8   0.376558    2.10876
      0.81   0.376558    2.10876
      0.82   0.376558    2.10876
      0.83   0.376558    2.10876
      0.84   0.376558    2.10876
      0.85   0.376558    2.10876
      0.86   0.376558    2.10876
      0.87   0.376558    2.10876
      0.88   0.376558    2.10876
      0.89   0.376558    2.10876
       0.9   0.376558    2.10876
      0.91   0.376558    2.10876
      0.92   0.376558    2.10876
      0.93   0.376558    2.10876
      0.94   0.376558    2.10876
      0.95   0.376558    2.10876
      0.96   0.376558    2.10876
      0.97   0.376558    2.10876
      0.98   0.376558    2.10876
      0.99   0.376558    2.10876
