      0.01      16372      17480       5300       9481
      0.02      14764      17480       4305       6123
      0.03      13485      17480       3779       4838
      0.04      12141      17480       3147       3791
      0.05      10752      17480       2585       2828
      0.06      10524      17480       2517       2716
      0.07       8893      17480       2072       2229
      0.08       8346      17480       1902       2058
      0.09       7957      17480       1778       1923
       0.1       7958      17480       1776       1923
      0.11       7716      17480       1727       1873
      0.12       6359      17480       1454       1598
      0.13       5472      17480       1237       1373
      0.14       5002      17480       1120       1188
      0.15       4814      17480       1034       1103
      0.16       2525      17480        568        637
      0.17       2372      17480        532        583
      0.18        859      17480        224        275
      0.19        859      17480        224        275
       0.2        562      17480        130        130
      0.21        561      17480        130        130
      0.22        562      17480        130        130
      0.23        562      17480        130        130
      0.24        562      17480        130        130
      0.25        561      17480        130        130
      0.26        561      17480        130        130
      0.27        562      17480        130        130
      0.28        562      17480        130        130
      0.29        561      17480        130        130
       0.3        562      17480        130        130
      0.31        562      17480        130        130
      0.32        562      17480        130        130
      0.33        562      17480        130        130
      0.34        562      17480        130        130
      0.35        560      17480        130        130
      0.36        561      17480        130        130
      0.37        561      17480        130        130
      0.38        562      17480        130        130
      0.39        561      17480        130        130
       0.4        562      17480        130        130
      0.41        562      17480        130        130
      0.42        558      17480        130        130
      0.43        560      17480        130        130
      0.44        562      17480        130        130
      0.45        562      17480        130        130
      0.46        558      17480        130        130
      0.47        562      17480        130        130
      0.48        562      17480        130        130
      0.49        561      17480        130        130
       0.5        562      17480        130        130
      0.51        562      17480        130        130
      0.52        562      17480        130        130
      0.53        561      17480        130        130
      0.54        562      17480        130        130
      0.55        562      17480        130        130
      0.56        561      17480        130        130
      0.57        562      17480        130        130
      0.58        561      17480        130        130
      0.59        560      17480        130        130
       0.6        562      17480        130        130
      0.61        562      17480        130        130
      0.62        559      17480        130        130
      0.63        561      17480        130        130
      0.64        562      17480        130        130
      0.65        561      17480        130        130
      0.66        562      17480        130        130
      0.67        562      17480        130        130
      0.68        562      17480        130        130
      0.69          0      17480          0          0
       0.7          0      17480          0          0
      0.71          0      17480          0          0
      0.72          0      17480          0          0
      0.73          0      17480          0          0
      0.74          0      17480          0          0
      0.75          0      17480          0          0
      0.76          0      17480          0          0
      0.77          0      17480          0          0
      0.78          0      17480          0          0
      0.79          0      17480          0          0
       0.8          0      17480          0          0
      0.81          0      17480          0          0
      0.82          0      17480          0          0
      0.83          0      17480          0          0
      0.84          0      17480          0          0
      0.85          0      17480          0          0
      0.86          0      17480          0          0
      0.87          0      17480          0          0
      0.88          0      17480          0          0
      0.89          0      17480          0          0
       0.9          0      17480          0          0
      0.91          0      17480          0          0
      0.92          0      17480          0          0
      0.93          0      17480          0          0
      0.94          0      17480          0          0
      0.95          0      17480          0          0
      0.96          0      17480          0          0
      0.97          0      17480          0          0
      0.98          0      17480          0          0
      0.99          0      17480          0          0
