      0.01    0.74688    5.93897
      0.02    0.77859    3.32611
      0.03   0.825906    2.03003
      0.04   0.797507    1.99404
      0.05   0.808304     1.6572
      0.06   0.806725    1.61289
      0.07   0.828608    1.42273
      0.08   0.814483    1.45399
      0.09   0.814483    1.45399
       0.1   0.737361    1.47043
      0.11   0.737361    1.47043
      0.12   0.734566     1.4717
      0.13   0.734566     1.4717
      0.14   0.734566     1.4717
      0.15   0.734566     1.4717
      0.16   0.734566     1.4717
      0.17   0.702089     1.5877
      0.18   0.702089     1.5877
      0.19   0.702089     1.5877
       0.2   0.702089     1.5877
      0.21   0.702089     1.5877
      0.22   0.702089     1.5877
      0.23   0.702089     1.5877
      0.24   0.702089     1.5877
      0.25   0.702089     1.5877
      0.26   0.702089     1.5877
      0.27   0.671184     1.6434
      0.28   0.671184     1.6434
      0.29   0.572966    1.93957
       0.3   0.572966    1.93957
      0.31   0.572966    1.93957
      0.32   0.572966    1.93957
      0.33   0.572966    1.93957
      0.34   0.572966    1.93957
      0.35   0.572966    1.93957
      0.36   0.572966    1.93957
      0.37   0.572966    1.93957
      0.38   0.572966    1.93957
      0.39   0.572966    1.93957
       0.4   0.572966    1.93957
      0.41   0.572966    1.93957
      0.42   0.572966    1.93957
      0.43   0.572966    1.93957
      0.44   0.263579    2.23624
      0.45   0.263579    2.23624
      0.46   0.263579    2.23624
      0.47   0.263579    2.23624
      0.48   0.263579    2.23624
      0.49   0.263579    2.23624
       0.5   0.263579    2.23624
      0.51   0.263579    2.23624
      0.52   0.263579    2.23624
      0.53   0.263579    2.23624
      0.54   0.263579    2.23624
      0.55   0.263579    2.23624
      0.56   0.263579    2.23624
      0.57   0.263579    2.23624
      0.58   0.263579    2.23624
      0.59   0.263579    2.23624
       0.6   0.263579    2.23624
      0.61   0.263579    2.23624
      0.62   0.263579    2.23624
      0.63   0.263579    2.23624
      0.64   0.263579    2.23624
      0.65   0.263579    2.23624
      0.66   0.263579    2.23624
      0.67   0.263579    2.23624
      0.68   0.263579    2.23624
      0.69   0.263579    2.23624
       0.7   0.263579    2.23624
      0.71   0.263579    2.23624
      0.72   0.263579    2.23624
      0.73   0.263579    2.23624
      0.74   0.263579    2.23624
      0.75   0.263579    2.23624
      0.76   0.263579    2.23624
      0.77   0.263579    2.23624
      0.78   0.263579    2.23624
      0.79   0.263579    2.23624
       0.8   0.263579    2.23624
      0.81   0.263579    2.23624
      0.82   0.263579    2.23624
      0.83   0.263579    2.23624
      0.84   0.263579    2.23624
      0.85   0.263579    2.23624
      0.86   0.263579    2.23624
      0.87   0.263579    2.23624
      0.88   0.263579    2.23624
      0.89   0.263579    2.23624
       0.9   0.263579    2.23624
      0.91   0.263579    2.23624
      0.92   0.263579    2.23624
      0.93   0.263579    2.23624
      0.94   0.263579    2.23624
      0.95   0.263579    2.23624
      0.96   0.263579    2.23624
      0.97   0.263579    2.23624
      0.98   0.263579    2.23624
      0.99   0.263579    2.23624
