      0.01      10788      10994       3556      15175
      0.02      10268      10994       2987       6603
      0.03       9806      10994       2649       4067
      0.04       8753      10994       2281       3075
      0.05       8382      10994       2115       2485
      0.06       8109      10994       2037       2333
      0.07       7624      10994       1666       1891
      0.08       7212      10994       1541       1712
      0.09       7212      10994       1541       1712
       0.1       6152      10994       1241       1246
      0.11       6153      10994       1240       1246
      0.12       5827      10994       1164       1169
      0.13       5826      10994       1164       1169
      0.14       5828      10994       1164       1169
      0.15       5829      10994       1163       1169
      0.16       5827      10994       1163       1169
      0.17       5392      10994       1070       1075
      0.18       5393      10994       1070       1075
      0.19       5392      10994       1070       1075
       0.2       5391      10994       1070       1075
      0.21       5393      10994       1070       1075
      0.22       5392      10994       1069       1075
      0.23       5393      10994       1069       1075
      0.24       5392      10994       1070       1075
      0.25       5393      10994       1070       1075
      0.26       5391      10994       1070       1075
      0.27       3209      10994        565        568
      0.28       3211      10994        565        568
      0.29       2194      10994        391        391
       0.3       2194      10994        391        391
      0.31       2194      10994        391        391
      0.32       2193      10994        390        391
      0.33       2193      10994        390        391
      0.34       2194      10994        391        391
      0.35       2194      10994        391        391
      0.36       2193      10994        391        391
      0.37       2194      10994        391        391
      0.38       2193      10994        390        391
      0.39       2194      10994        391        391
       0.4       2194      10994        391        391
      0.41       2193      10994        391        391
      0.42       2193      10994        391        391
      0.43       2192      10994        391        391
      0.44          0      10994          0          0
      0.45          0      10994          0          0
      0.46          0      10994          0          0
      0.47          0      10994          0          0
      0.48          0      10994          0          0
      0.49          0      10994          0          0
       0.5          0      10994          0          0
      0.51          0      10994          0          0
      0.52          0      10994          0          0
      0.53          0      10994          0          0
      0.54          0      10994          0          0
      0.55          0      10994          0          0
      0.56          0      10994          0          0
      0.57          0      10994          0          0
      0.58          0      10994          0          0
      0.59          0      10994          0          0
       0.6          0      10994          0          0
      0.61          0      10994          0          0
      0.62          0      10994          0          0
      0.63          0      10994          0          0
      0.64          0      10994          0          0
      0.65          0      10994          0          0
      0.66          0      10994          0          0
      0.67          0      10994          0          0
      0.68          0      10994          0          0
      0.69          0      10994          0          0
       0.7          0      10994          0          0
      0.71          0      10994          0          0
      0.72          0      10994          0          0
      0.73          0      10994          0          0
      0.74          0      10994          0          0
      0.75          0      10994          0          0
      0.76          0      10994          0          0
      0.77          0      10994          0          0
      0.78          0      10994          0          0
      0.79          0      10994          0          0
       0.8          0      10994          0          0
      0.81          0      10994          0          0
      0.82          0      10994          0          0
      0.83          0      10994          0          0
      0.84          0      10994          0          0
      0.85          0      10994          0          0
      0.86          0      10994          0          0
      0.87          0      10994          0          0
      0.88          0      10994          0          0
      0.89          0      10994          0          0
       0.9          0      10994          0          0
      0.91          0      10994          0          0
      0.92          0      10994          0          0
      0.93          0      10994          0          0
      0.94          0      10994          0          0
      0.95          0      10994          0          0
      0.96          0      10994          0          0
      0.97          0      10994          0          0
      0.98          0      10994          0          0
      0.99          0      10994          0          0
