      0.01   0.804313    3.50744
      0.02   0.811259    2.52095
      0.03   0.813395    2.30974
      0.04   0.813142    2.10941
      0.05   0.817069    1.98569
      0.06   0.816021    1.80539
      0.07   0.815643    1.78704
      0.08   0.814827    1.78073
      0.09   0.777652    1.77239
       0.1   0.777505    1.77836
      0.11   0.769216    1.66198
      0.12   0.769217    1.66071
      0.13   0.769217    1.66071
      0.14    0.76288    1.62999
      0.15    0.76288    1.62999
      0.16   0.679931    1.89484
      0.17   0.679931    1.89484
      0.18   0.679764    1.89541
      0.19   0.676814    1.88547
       0.2   0.676814    1.88547
      0.21   0.676814    1.88547
      0.22   0.676814    1.88547
      0.23   0.676814    1.88547
      0.24   0.676814    1.88547
      0.25   0.676814    1.88547
      0.26   0.676814    1.88547
      0.27   0.659466    1.89579
      0.28   0.659466    1.89579
      0.29   0.659466    1.89579
       0.3   0.659466    1.89579
      0.31   0.659466    1.89579
      0.32   0.659466    1.89579
      0.33   0.659466    1.89579
      0.34   0.659466    1.89579
      0.35   0.659466    1.89579
      0.36   0.659466    1.89579
      0.37   0.659466    1.89579
      0.38   0.271443    2.62317
      0.39   0.271443    2.62317
       0.4   0.271443    2.62317
      0.41   0.271443    2.62317
      0.42   0.271443    2.62317
      0.43   0.271443    2.62317
      0.44   0.271443    2.62317
      0.45   0.271443    2.62317
      0.46   0.271443    2.62317
      0.47   0.271443    2.62317
      0.48   0.271443    2.62317
      0.49   0.271443    2.62317
       0.5   0.271443    2.62317
      0.51   0.271443    2.62317
      0.52   0.271443    2.62317
      0.53   0.271443    2.62317
      0.54   0.271443    2.62317
      0.55   0.271443    2.62317
      0.56   0.271443    2.62317
      0.57   0.271443    2.62317
      0.58   0.271443    2.62317
      0.59   0.271443    2.62317
       0.6   0.271443    2.62317
      0.61   0.271443    2.62317
      0.62   0.271443    2.62317
      0.63   0.271443    2.62317
      0.64   0.271443    2.62317
      0.65   0.271443    2.62317
      0.66   0.271443    2.62317
      0.67   0.271443    2.62317
      0.68   0.271443    2.62317
      0.69   0.271443    2.62317
       0.7   0.271443    2.62317
      0.71   0.271443    2.62317
      0.72   0.271443    2.62317
      0.73   0.271443    2.62317
      0.74   0.271443    2.62317
      0.75   0.271443    2.62317
      0.76   0.271443    2.62317
      0.77   0.271443    2.62317
      0.78   0.271443    2.62317
      0.79   0.271443    2.62317
       0.8   0.271443    2.62317
      0.81   0.271443    2.62317
      0.82   0.271443    2.62317
      0.83   0.271443    2.62317
      0.84   0.271443    2.62317
      0.85   0.271443    2.62317
      0.86   0.271443    2.62317
      0.87   0.271443    2.62317
      0.88   0.271443    2.62317
      0.89   0.271443    2.62317
       0.9   0.271443    2.62317
      0.91   0.271443    2.62317
      0.92   0.271443    2.62317
      0.93   0.271443    2.62317
      0.94   0.271443    2.62317
      0.95   0.271443    2.62317
      0.96   0.271443    2.62317
      0.97   0.271443    2.62317
      0.98   0.271443    2.62317
      0.99   0.271443    2.62317
