      0.01      18377      19478       6684       9131
      0.02      15980      19478       5262       5976
      0.03      14939      19478       4626       5068
      0.04      13365      19478       3910       4154
      0.05      12492      19478       3361       3586
      0.06      11578      19478       2879       2943
      0.07      11180      19478       2747       2781
      0.08      10562      19478       2534       2564
      0.09      10137      19478       2309       2340
       0.1       9788      19478       2252       2282
      0.11       9221      19478       1901       1932
      0.12       9110      19478       1883       1913
      0.13       9106      19478       1883       1913
      0.14       8338      19478       1591       1621
      0.15       8336      19478       1591       1621
      0.16       6203      19478       1156       1160
      0.17       6206      19478       1156       1160
      0.18       6039      19478       1129       1133
      0.19       5527      19478       1016       1016
       0.2       5529      19478       1016       1016
      0.21       5528      19478       1016       1016
      0.22       5528      19478       1016       1016
      0.23       5529      19478       1015       1016
      0.24       5527      19478       1016       1016
      0.25       5527      19478       1016       1016
      0.26       5527      19478       1016       1016
      0.27       4871      19478        847        847
      0.28       4875      19478        847        847
      0.29       4874      19478        847        847
       0.3       4872      19478        847        847
      0.31       4871      19478        847        847
      0.32       4864      19478        847        847
      0.33       4873      19478        847        847
      0.34       4867      19478        847        847
      0.35       4871      19478        847        847
      0.36       4871      19478        847        847
      0.37       4871      19478        847        847
      0.38          0      19478          0          0
      0.39          0      19478          0          0
       0.4          0      19478          0          0
      0.41          0      19478          0          0
      0.42          0      19478          0          0
      0.43          0      19478          0          0
      0.44          0      19478          0          0
      0.45          0      19478          0          0
      0.46          0      19478          0          0
      0.47          0      19478          0          0
      0.48          0      19478          0          0
      0.49          0      19478          0          0
       0.5          0      19478          0          0
      0.51          0      19478          0          0
      0.52          0      19478          0          0
      0.53          0      19478          0          0
      0.54          0      19478          0          0
      0.55          0      19478          0          0
      0.56          0      19478          0          0
      0.57          0      19478          0          0
      0.58          0      19478          0          0
      0.59          0      19478          0          0
       0.6          0      19478          0          0
      0.61          0      19478          0          0
      0.62          0      19478          0          0
      0.63          0      19478          0          0
      0.64          0      19478          0          0
      0.65          0      19478          0          0
      0.66          0      19478          0          0
      0.67          0      19478          0          0
      0.68          0      19478          0          0
      0.69          0      19478          0          0
       0.7          0      19478          0          0
      0.71          0      19478          0          0
      0.72          0      19478          0          0
      0.73          0      19478          0          0
      0.74          0      19478          0          0
      0.75          0      19478          0          0
      0.76          0      19478          0          0
      0.77          0      19478          0          0
      0.78          0      19478          0          0
      0.79          0      19478          0          0
       0.8          0      19478          0          0
      0.81          0      19478          0          0
      0.82          0      19478          0          0
      0.83          0      19478          0          0
      0.84          0      19478          0          0
      0.85          0      19478          0          0
      0.86          0      19478          0          0
      0.87          0      19478          0          0
      0.88          0      19478          0          0
      0.89          0      19478          0          0
       0.9          0      19478          0          0
      0.91          0      19478          0          0
      0.92          0      19478          0          0
      0.93          0      19478          0          0
      0.94          0      19478          0          0
      0.95          0      19478          0          0
      0.96          0      19478          0          0
      0.97          0      19478          0          0
      0.98          0      19478          0          0
      0.99          0      19478          0          0
