      0.01     109402     926406      15037     154401
      0.02     295249     926406    44421.9     154401
      0.03     451700     926406    74254.4     154401
      0.04     414155     926406    73687.1     154401
      0.05     473055     926406    93652.6     154401
      0.06     485699     926406    93518.2     154401
      0.07     543587     926406    98822.8     154401
      0.08     535382     926406    98212.1     154401
      0.09     535382     926406    98212.1     154401
       0.1     490197     926406    91037.4     154401
      0.11     490197     926406    91037.4     154401
      0.12     488513     926406    90819.6     154401
      0.13     488513     926406    90819.6     154401
      0.14     488513     926406    90819.6     154401
      0.15     488513     926406    90819.6     154401
      0.16     488513     926406    90819.6     154401
      0.17     461201     926406    86825.4     154401
      0.18     461201     926406    86825.4     154401
      0.19     461201     926406    86825.4     154401
       0.2     461201     926406    86825.4     154401
      0.21     461201     926406    86825.4     154401
      0.22     461201     926406    86825.4     154401
      0.23     461201     926406    86825.4     154401
      0.24     461201     926406    86825.4     154401
      0.25     461201     926406    86825.4     154401
      0.26     461201     926406    86825.4     154401
      0.27     441571     926406    84863.7     154401
      0.28     441571     926406    84863.7     154401
      0.29     419616     926406    81515.4     154401
       0.3     419616     926406    81515.4     154401
      0.31     419616     926406    81515.4     154401
      0.32     419616     926406    81515.4     154401
      0.33     419616     926406    81515.4     154401
      0.34     419616     926406    81515.4     154401
      0.35     419616     926406    81515.4     154401
      0.36     419616     926406    81515.4     154401
      0.37     419616     926406    81515.4     154401
      0.38     419616     926406    81515.4     154401
      0.39     419616     926406    81515.4     154401
       0.4     419616     926406    81515.4     154401
      0.41     419616     926406    81515.4     154401
      0.42     419616     926406    81515.4     154401
      0.43     419616     926406    81515.4     154401
      0.44     244185     926406      53905     154401
      0.45     244185     926406      53905     154401
      0.46     244185     926406      53905     154401
      0.47     244185     926406      53905     154401
      0.48     244185     926406      53905     154401
      0.49     244185     926406      53905     154401
       0.5     244185     926406      53905     154401
      0.51     244185     926406      53905     154401
      0.52     244185     926406      53905     154401
      0.53     244185     926406      53905     154401
      0.54     244185     926406      53905     154401
      0.55     244185     926406      53905     154401
      0.56     244185     926406      53905     154401
      0.57     244185     926406      53905     154401
      0.58     244185     926406      53905     154401
      0.59     244185     926406      53905     154401
       0.6     244185     926406      53905     154401
      0.61     244185     926406      53905     154401
      0.62     244185     926406      53905     154401
      0.63     244185     926406      53905     154401
      0.64     244185     926406      53905     154401
      0.65     244185     926406      53905     154401
      0.66     244185     926406      53905     154401
      0.67     244185     926406      53905     154401
      0.68     244185     926406      53905     154401
      0.69     244185     926406      53905     154401
       0.7     244185     926406      53905     154401
      0.71     244185     926406      53905     154401
      0.72     244185     926406      53905     154401
      0.73     244185     926406      53905     154401
      0.74     244185     926406      53905     154401
      0.75     244185     926406      53905     154401
      0.76     244185     926406      53905     154401
      0.77     244185     926406      53905     154401
      0.78     244185     926406      53905     154401
      0.79     244185     926406      53905     154401
       0.8     244185     926406      53905     154401
      0.81     244185     926406      53905     154401
      0.82     244185     926406      53905     154401
      0.83     244185     926406      53905     154401
      0.84     244185     926406      53905     154401
      0.85     244185     926406      53905     154401
      0.86     244185     926406      53905     154401
      0.87     244185     926406      53905     154401
      0.88     244185     926406      53905     154401
      0.89     244185     926406      53905     154401
       0.9     244185     926406      53905     154401
      0.91     244185     926406      53905     154401
      0.92     244185     926406      53905     154401
      0.93     244185     926406      53905     154401
      0.94     244185     926406      53905     154401
      0.95     244185     926406      53905     154401
      0.96     244185     926406      53905     154401
      0.97     244185     926406      53905     154401
      0.98     244185     926406      53905     154401
      0.99     244185     926406      53905     154401
