      0.01     401013     926406    83490.4     154401
      0.02     467486     926406     101629     154401
      0.03     487328     926406     102932     154401
      0.04     491993     926406     104561     154401
      0.05     493946     926406     106482     154401
      0.06     512226     926406     111821     154401
      0.07     509025     926406     111225     154401
      0.08     503104     926406     109614     154401
      0.09     537565     926406     123882     154401
       0.1     535517     926406     123719     154401
      0.11     552156     926406     138396     154401
      0.12     552166     926406     138430     154401
      0.13     552166     926406     138430     154401
      0.14     557267     926406     144836     154401
      0.15     557267     926406     144836     154401
      0.16     504306     926406     136758     154401
      0.17     504306     926406     136758     154401
      0.18     503804     926406     136788     154401
      0.19     502537     926406     136546     154401
       0.2     502537     926406     136546     154401
      0.21     502537     926406     136546     154401
      0.22     502537     926406     136546     154401
      0.23     502537     926406     136546     154401
      0.24     502537     926406     136546     154401
      0.25     502537     926406     136546     154401
      0.26     502537     926406     136546     154401
      0.27     492163     926406     138846     154401
      0.28     492163     926406     138846     154401
      0.29     492163     926406     138846     154401
       0.3     492163     926406     138846     154401
      0.31     492163     926406     138846     154401
      0.32     492163     926406     138846     154401
      0.33     492163     926406     138846     154401
      0.34     492163     926406     138846     154401
      0.35     492163     926406     138846     154401
      0.36     492163     926406     138846     154401
      0.37     492163     926406     138846     154401
      0.38     251471     926406      98778     154401
      0.39     251471     926406      98778     154401
       0.4     251471     926406      98778     154401
      0.41     251471     926406      98778     154401
      0.42     251471     926406      98778     154401
      0.43     251471     926406      98778     154401
      0.44     251471     926406      98778     154401
      0.45     251471     926406      98778     154401
      0.46     251471     926406      98778     154401
      0.47     251471     926406      98778     154401
      0.48     251471     926406      98778     154401
      0.49     251471     926406      98778     154401
       0.5     251471     926406      98778     154401
      0.51     251471     926406      98778     154401
      0.52     251471     926406      98778     154401
      0.53     251471     926406      98778     154401
      0.54     251471     926406      98778     154401
      0.55     251471     926406      98778     154401
      0.56     251471     926406      98778     154401
      0.57     251471     926406      98778     154401
      0.58     251471     926406      98778     154401
      0.59     251471     926406      98778     154401
       0.6     251471     926406      98778     154401
      0.61     251471     926406      98778     154401
      0.62     251471     926406      98778     154401
      0.63     251471     926406      98778     154401
      0.64     251471     926406      98778     154401
      0.65     251471     926406      98778     154401
      0.66     251471     926406      98778     154401
      0.67     251471     926406      98778     154401
      0.68     251471     926406      98778     154401
      0.69     251471     926406      98778     154401
       0.7     251471     926406      98778     154401
      0.71     251471     926406      98778     154401
      0.72     251471     926406      98778     154401
      0.73     251471     926406      98778     154401
      0.74     251471     926406      98778     154401
      0.75     251471     926406      98778     154401
      0.76     251471     926406      98778     154401
      0.77     251471     926406      98778     154401
      0.78     251471     926406      98778     154401
      0.79     251471     926406      98778     154401
       0.8     251471     926406      98778     154401
      0.81     251471     926406      98778     154401
      0.82     251471     926406      98778     154401
      0.83     251471     926406      98778     154401
      0.84     251471     926406      98778     154401
      0.85     251471     926406      98778     154401
      0.86     251471     926406      98778     154401
      0.87     251471     926406      98778     154401
      0.88     251471     926406      98778     154401
      0.89     251471     926406      98778     154401
       0.9     251471     926406      98778     154401
      0.91     251471     926406      98778     154401
      0.92     251471     926406      98778     154401
      0.93     251471     926406      98778     154401
      0.94     251471     926406      98778     154401
      0.95     251471     926406      98778     154401
      0.96     251471     926406      98778     154401
      0.97     251471     926406      98778     154401
      0.98     251471     926406      98778     154401
      0.99     251471     926406      98778     154401
