      0.01   0.691645    3.15202
      0.02   0.719908    2.13213
      0.03   0.852682    1.26889
      0.04   0.657926    1.75325
      0.05   0.658689    1.68936
      0.06   0.653529    1.68396
      0.07   0.653529    1.68396
      0.08   0.637311    1.79445
      0.09   0.637316    1.79003
       0.1   0.636955    1.79343
      0.11   0.634374    1.77981
      0.12   0.590749    1.48286
      0.13   0.584295     1.4769
      0.14   0.584295     1.4769
      0.15   0.584295     1.4769
      0.16   0.584295     1.4769
      0.17   0.584295     1.4769
      0.18   0.584295     1.4769
      0.19   0.583773    1.47601
       0.2     0.5748    1.50144
      0.21     0.5748    1.50144
      0.22     0.5748    1.50144
      0.23     0.5748    1.50144
      0.24     0.5748    1.50144
      0.25     0.5748    1.50144
      0.26     0.5748    1.50144
      0.27     0.5748    1.50144
      0.28     0.5748    1.50144
      0.29     0.5748    1.50144
       0.3     0.5748    1.50144
      0.31     0.5748    1.50144
      0.32   0.566501    1.52644
      0.33   0.566501    1.52644
      0.34   0.566501    1.52644
      0.35   0.566501    1.52644
      0.36   0.566501    1.52644
      0.37   0.501341    1.67649
      0.38   0.501341    1.67649
      0.39   0.501341    1.67649
       0.4   0.501341    1.67649
      0.41   0.501341    1.67649
      0.42   0.501341    1.67649
      0.43   0.501341    1.67649
      0.44   0.501341    1.67649
      0.45   0.501341    1.67649
      0.46   0.501341    1.67649
      0.47   0.501341    1.67649
      0.48   0.501341    1.67649
      0.49   0.501341    1.67649
       0.5   0.501341    1.67649
      0.51   0.501341    1.67649
      0.52   0.501341    1.67649
      0.53   0.501341    1.67649
      0.54   0.501341    1.67649
      0.55   0.501341    1.67649
      0.56   0.501341    1.67649
      0.57   0.501341    1.67649
      0.58   0.501341    1.67649
      0.59   0.501341    1.67649
       0.6   0.501341    1.67649
      0.61   0.501341    1.67649
      0.62   0.501341    1.67649
      0.63   0.501341    1.67649
      0.64   0.501341    1.67649
      0.65   0.501341    1.67649
      0.66   0.501341    1.67649
      0.67   0.501341    1.67649
      0.68   0.501341    1.67649
      0.69   0.501341    1.67649
       0.7   0.501341    1.67649
      0.71   0.501341    1.67649
      0.72   0.501341    1.67649
      0.73   0.501341    1.67649
      0.74   0.501341    1.67649
      0.75   0.501341    1.67649
      0.76   0.501341    1.67649
      0.77   0.501341    1.67649
      0.78   0.501341    1.67649
      0.79   0.460901    1.77426
       0.8   0.460901    1.77426
      0.81   0.460901    1.77426
      0.82   0.460901    1.77426
      0.83   0.460901    1.77426
      0.84   0.460901    1.77426
      0.85   0.460901    1.77426
      0.86   0.460901    1.77426
      0.87   0.460901    1.77426
      0.88   0.460901    1.77426
      0.89   0.460901    1.77426
       0.9   0.460901    1.77426
      0.91   0.460901    1.77426
      0.92   0.460901    1.77426
      0.93   0.460901    1.77426
      0.94   0.460901    1.77426
      0.95   0.460901    1.77426
      0.96   0.460901    1.77426
      0.97   0.460901    1.77426
      0.98   0.460901    1.77426
      0.99   0.460901    1.77426
