      0.01      13607      14379       3893       7352
      0.02      12650      14379       3246       4418
      0.03      12081      14379       2862       3225
      0.04      11573      14379       2653       2848
      0.05      10924      14379       2438       2527
      0.06      10215      14379       2269       2332
      0.07      10217      14379       2271       2332
      0.08       8505      14379       1905       1915
      0.09       8485      14379       1889       1900
       0.1       8373      14379       1865       1877
      0.11       7225      14379       1630       1635
      0.12       4353      14379        990        995
      0.13       4063      14379        845        849
      0.14       4067      14379        845        849
      0.15       4065      14379        845        849
      0.16       4064      14379        845        849
      0.17       4060      14379        845        849
      0.18       4061      14379        845        849
      0.19       3995      14379        830        834
       0.2       2995      14379        628        632
      0.21       2995      14379        628        632
      0.22       2993      14379        628        632
      0.23       2995      14379        628        632
      0.24       2996      14379        628        632
      0.25       2994      14379        628        632
      0.26       2995      14379        628        632
      0.27       2993      14379        627        632
      0.28       2995      14379        628        632
      0.29       2997      14379        628        632
       0.3       2990      14379        628        632
      0.31       2994      14379        628        632
      0.32       2644      14379        548        552
      0.33       2642      14379        548        552
      0.34       2644      14379        548        552
      0.35       2642      14379        548        552
      0.36       2639      14379        548        552
      0.37       1161      14379        247        247
      0.38       1161      14379        247        247
      0.39       1162      14379        247        247
       0.4       1161      14379        247        247
      0.41       1162      14379        247        247
      0.42       1161      14379        247        247
      0.43       1161      14379        247        247
      0.44       1161      14379        247        247
      0.45       1161      14379        247        247
      0.46       1159      14379        247        247
      0.47       1160      14379        247        247
      0.48       1161      14379        247        247
      0.49       1162      14379        247        247
       0.5       1161      14379        247        247
      0.51       1162      14379        247        247
      0.52       1159      14379        247        247
      0.53       1162      14379        247        247
      0.54       1162      14379        247        247
      0.55       1162      14379        247        247
      0.56       1158      14379        247        247
      0.57       1162      14379        247        247
      0.58       1162      14379        247        247
      0.59       1162      14379        247        247
       0.6       1160      14379        247        247
      0.61       1162      14379        247        247
      0.62       1161      14379        247        247
      0.63       1161      14379        247        247
      0.64       1161      14379        247        247
      0.65       1161      14379        247        247
      0.66       1161      14379        247        247
      0.67       1160      14379        247        247
      0.68       1162      14379        247        247
      0.69       1159      14379        247        247
       0.7       1162      14379        247        247
      0.71       1160      14379        247        247
      0.72       1161      14379        247        247
      0.73       1159      14379        247        247
      0.74       1161      14379        247        247
      0.75       1160      14379        247        247
      0.76       1160      14379        247        247
      0.77       1160      14379        247        247
      0.78       1160      14379        247        247
      0.79          0      14379          0          0
       0.8          0      14379          0          0
      0.81          0      14379          0          0
      0.82          0      14379          0          0
      0.83          0      14379          0          0
      0.84          0      14379          0          0
      0.85          0      14379          0          0
      0.86          0      14379          0          0
      0.87          0      14379          0          0
      0.88          0      14379          0          0
      0.89          0      14379          0          0
       0.9          0      14379          0          0
      0.91          0      14379          0          0
      0.92          0      14379          0          0
      0.93          0      14379          0          0
      0.94          0      14379          0          0
      0.95          0      14379          0          0
      0.96          0      14379          0          0
      0.97          0      14379          0          0
      0.98          0      14379          0          0
      0.99          0      14379          0          0
