      0.01     402012     772005    59573.3     154401
      0.02     450543     772005    80813.5     154401
      0.03     579301     772005     115581     154401
      0.04     420165     772005    94030.4     154401
      0.05     424438     772005    96317.6     154401
      0.06     426263     772005    98409.8     154401
      0.07     426263     772005    98409.8     154401
      0.08     406986     772005    95555.4     154401
      0.09     407667     772005    95785.3     154401
       0.1     407527     772005    95760.8     154401
      0.11     407432     772005    96333.4     154401
      0.12     417028     772005     110804     154401
      0.13     415282     772005     110416     154401
      0.14     415282     772005     110416     154401
      0.15     415282     772005     110416     154401
      0.16     415282     772005     110416     154401
      0.17     415282     772005     110416     154401
      0.18     415282     772005     110416     154401
      0.19     415180     772005     110441     154401
       0.2     410946     772005     109831     154401
      0.21     410946     772005     109831     154401
      0.22     410946     772005     109831     154401
      0.23     410946     772005     109831     154401
      0.24     410946     772005     109831     154401
      0.25     410946     772005     109831     154401
      0.26     410946     772005     109831     154401
      0.27     410946     772005     109831     154401
      0.28     410946     772005     109831     154401
      0.29     410946     772005     109831     154401
       0.3     410946     772005     109831     154401
      0.31     410946     772005     109831     154401
      0.32     407350     772005     109269     154401
      0.33     407350     772005     109269     154401
      0.34     407350     772005     109269     154401
      0.35     407350     772005     109269     154401
      0.36     407350     772005     109269     154401
      0.37     377499     772005     105239     154401
      0.38     377499     772005     105239     154401
      0.39     377499     772005     105239     154401
       0.4     377499     772005     105239     154401
      0.41     377499     772005     105239     154401
      0.42     377499     772005     105239     154401
      0.43     377499     772005     105239     154401
      0.44     377499     772005     105239     154401
      0.45     377499     772005     105239     154401
      0.46     377499     772005     105239     154401
      0.47     377499     772005     105239     154401
      0.48     377499     772005     105239     154401
      0.49     377499     772005     105239     154401
       0.5     377499     772005     105239     154401
      0.51     377499     772005     105239     154401
      0.52     377499     772005     105239     154401
      0.53     377499     772005     105239     154401
      0.54     377499     772005     105239     154401
      0.55     377499     772005     105239     154401
      0.56     377499     772005     105239     154401
      0.57     377499     772005     105239     154401
      0.58     377499     772005     105239     154401
      0.59     377499     772005     105239     154401
       0.6     377499     772005     105239     154401
      0.61     377499     772005     105239     154401
      0.62     377499     772005     105239     154401
      0.63     377499     772005     105239     154401
      0.64     377499     772005     105239     154401
      0.65     377499     772005     105239     154401
      0.66     377499     772005     105239     154401
      0.67     377499     772005     105239     154401
      0.68     377499     772005     105239     154401
      0.69     377499     772005     105239     154401
       0.7     377499     772005     105239     154401
      0.71     377499     772005     105239     154401
      0.72     377499     772005     105239     154401
      0.73     377499     772005     105239     154401
      0.74     377499     772005     105239     154401
      0.75     377499     772005     105239     154401
      0.76     377499     772005     105239     154401
      0.77     377499     772005     105239     154401
      0.78     377499     772005     105239     154401
      0.79     355821     772005     102180     154401
       0.8     355821     772005     102180     154401
      0.81     355821     772005     102180     154401
      0.82     355821     772005     102180     154401
      0.83     355821     772005     102180     154401
      0.84     355821     772005     102180     154401
      0.85     355821     772005     102180     154401
      0.86     355821     772005     102180     154401
      0.87     355821     772005     102180     154401
      0.88     355821     772005     102180     154401
      0.89     355821     772005     102180     154401
       0.9     355821     772005     102180     154401
      0.91     355821     772005     102180     154401
      0.92     355821     772005     102180     154401
      0.93     355821     772005     102180     154401
      0.94     355821     772005     102180     154401
      0.95     355821     772005     102180     154401
      0.96     355821     772005     102180     154401
      0.97     355821     772005     102180     154401
      0.98     355821     772005     102180     154401
      0.99     355821     772005     102180     154401
