      0.01      23696      25683       6993      13837
      0.02      22502      25683       6282      10085
      0.03      20898      25683       5709       8405
      0.04      19560      25683       5283       7294
      0.05      18110      25683       4852       6285
      0.06      16791      25683       4449       5700
      0.07      15308      25683       4071       5108
      0.08      14947      25683       3957       4783
      0.09      14631      25683       3876       4572
       0.1      13737      25683       3669       4244
      0.11      13025      25683       3510       4019
      0.12      12343      25683       3317       3704
      0.13      11522      25683       3143       3512
      0.14      10665      25683       2903       3190
      0.15      10008      25683       2678       2937
      0.16       9346      25683       2489       2608
      0.17       9346      25683       2490       2608
      0.18       7893      25683       2102       2125
      0.19       6929      25683       1883       1906
       0.2       6916      25683       1877       1898
      0.21       6917      25683       1877       1898
      0.22       5230      25683       1494       1511
      0.23       5230      25683       1494       1511
      0.24       5177      25683       1472       1490
      0.25       5176      25683       1473       1490
      0.26       5176      25683       1473       1490
      0.27       5178      25683       1472       1490
      0.28       5177      25683       1473       1490
      0.29       5169      25683       1469       1486
       0.3       5171      25683       1469       1486
      0.31       5169      25683       1469       1486
      0.32       5169      25683       1469       1486
      0.33       5171      25683       1469       1486
      0.34       5169      25683       1469       1486
      0.35       5150      25683       1463       1480
      0.36       5150      25683       1463       1480
      0.37       5156      25683       1463       1480
      0.38       5152      25683       1463       1480
      0.39       5151      25683       1463       1480
       0.4       5153      25683       1463       1480
      0.41       5146      25683       1458       1475
      0.42       5145      25683       1458       1475
      0.43       4642      25683       1310       1327
      0.44       4646      25683       1310       1327
      0.45       3793      25683       1075       1092
      0.46       3792      25683       1075       1092
      0.47       3704      25683       1055       1072
      0.48       3702      25683       1055       1072
      0.49       3701      25683       1055       1072
       0.5       3700      25683       1055       1072
      0.51       3705      25683       1055       1072
      0.52       3702      25683       1055       1072
      0.53       3699      25683       1055       1072
      0.54       3704      25683       1055       1072
      0.55       3701      25683       1055       1072
      0.56       3699      25683       1055       1072
      0.57       3688      25683       1050       1062
      0.58       3688      25683       1050       1062
      0.59       3690      25683       1050       1062
       0.6       3691      25683       1050       1062
      0.61       3579      25683       1023       1035
      0.62       3545      25683       1011       1023
      0.63       3052      25683        882        893
      0.64       3053      25683        882        893
      0.65       3052      25683        882        893
      0.66       3052      25683        882        893
      0.67       3053      25683        882        893
      0.68       3051      25683        881        893
      0.69       3053      25683        882        893
       0.7       3052      25683        882        893
      0.71       3053      25683        882        893
      0.72       3050      25683        882        893
      0.73       3052      25683        882        893
      0.74       3052      25683        882        893
      0.75       3053      25683        882        893
      0.76       3052      25683        882        893
      0.77       3052      25683        882        893
      0.78       3052      25683        882        893
      0.79       1533      25683        462        462
       0.8       1533      25683        462        462
      0.81       1532      25683        462        462
      0.82       1531      25683        462        462
      0.83       1531      25683        462        462
      0.84       1452      25683        439        439
      0.85       1453      25683        439        439
      0.86       1454      25683        439        439
      0.87       1452      25683        439        439
      0.88       1453      25683        439        439
      0.89       1451      25683        439        439
       0.9       1454      25683        439        439
      0.91       1448      25683        439        439
      0.92       1452      25683        439        439
      0.93       1453      25683        439        439
      0.94        900      25683        236        236
      0.95        899      25683        236        236
      0.96        900      25683        236        236
      0.97        408      25683        126        126
      0.98        406      25683        126        126
      0.99        408      25683        126        126
