      0.01   0.602019    3.69359
      0.02   0.609029    3.11196
      0.03   0.620958    2.75006
      0.04   0.704769    1.94014
      0.05    0.72975    1.68511
      0.06   0.646862    1.80769
      0.07   0.646164    1.79398
      0.08   0.657802    1.60963
      0.09   0.652225    1.61629
       0.1   0.649827    1.61467
      0.11   0.649231     1.6057
      0.12   0.575275    1.78426
      0.13   0.571765    1.78104
      0.14   0.571436    1.77486
      0.15   0.571436    1.77486
      0.16    0.55618    1.77115
      0.17   0.470604    1.99109
      0.18   0.470604    1.99109
      0.19   0.470604    1.99109
       0.2   0.470604    1.99109
      0.21   0.470604    1.99109
      0.22   0.470604    1.99109
      0.23   0.470604    1.99109
      0.24    0.46734    1.98555
      0.25    0.46734    1.98555
      0.26    0.46734    1.98555
      0.27    0.46734    1.98555
      0.28    0.46734    1.98555
      0.29    0.46734    1.98555
       0.3    0.46734    1.98555
      0.31    0.46734    1.98555
      0.32    0.46734    1.98555
      0.33    0.46734    1.98555
      0.34    0.46734    1.98555
      0.35    0.46734    1.98555
      0.36    0.46734    1.98555
      0.37    0.46734    1.98555
      0.38    0.46734    1.98555
      0.39    0.46734    1.98555
       0.4    0.46734    1.98555
      0.41    0.46734    1.98555
      0.42    0.46734    1.98555
      0.43    0.46734    1.98555
      0.44    0.46734    1.98555
      0.45    0.46734    1.98555
      0.46    0.46734    1.98555
      0.47    0.46734    1.98555
      0.48    0.46734    1.98555
      0.49    0.46734    1.98555
       0.5    0.46734    1.98555
      0.51    0.46734    1.98555
      0.52    0.46734    1.98555
      0.53    0.46734    1.98555
      0.54    0.46734    1.98555
      0.55    0.46734    1.98555
      0.56    0.46734    1.98555
      0.57    0.46734    1.98555
      0.58    0.46734    1.98555
      0.59    0.46734    1.98555
       0.6    0.46734    1.98555
      0.61    0.46734    1.98555
      0.62    0.46734    1.98555
      0.63    0.46734    1.98555
      0.64    0.46734    1.98555
      0.65    0.46734    1.98555
      0.66    0.46734    1.98555
      0.67    0.46734    1.98555
      0.68    0.46734    1.98555
      0.69    0.46734    1.98555
       0.7    0.46734    1.98555
      0.71    0.46734    1.98555
      0.72    0.46734    1.98555
      0.73    0.46734    1.98555
      0.74    0.46734    1.98555
      0.75    0.46734    1.98555
      0.76    0.46734    1.98555
      0.77    0.46734    1.98555
      0.78    0.46734    1.98555
      0.79    0.46734    1.98555
       0.8    0.46734    1.98555
      0.81    0.46734    1.98555
      0.82    0.46734    1.98555
      0.83    0.46734    1.98555
      0.84    0.46734    1.98555
      0.85    0.46734    1.98555
      0.86    0.46734    1.98555
      0.87    0.46734    1.98555
      0.88    0.46734    1.98555
      0.89    0.46734    1.98555
       0.9    0.46734    1.98555
      0.91    0.46734    1.98555
      0.92    0.46734    1.98555
      0.93    0.46734    1.98555
      0.94    0.46734    1.98555
      0.95    0.46734    1.98555
      0.96    0.46734    1.98555
      0.97    0.46734    1.98555
      0.98    0.46734    1.98555
      0.99    0.46734    1.98555
