      0.01   0.830966    4.86966
      0.02   0.842151    3.81766
      0.03   0.851403    3.39436
      0.04    0.85202    3.20444
      0.05   0.863907    2.86632
      0.06   0.862536     2.8339
      0.07   0.857363    2.80643
      0.08    0.86803    2.68595
      0.09   0.871751    2.59176
       0.1   0.870702    2.58919
      0.11    0.85689    2.65786
      0.12   0.856334    2.65029
      0.13   0.839682    2.74653
      0.14   0.817766    2.83385
      0.15    0.79404    2.93901
      0.16   0.732306     2.9154
      0.17   0.732306     2.9154
      0.18   0.525467    3.03694
      0.19   0.477634    3.09573
       0.2   0.476935    3.09662
      0.21   0.476935    3.09662
      0.22   0.397883    3.24133
      0.23   0.397883    3.24133
      0.24    0.39768    3.23884
      0.25    0.39768    3.23884
      0.26    0.39768    3.23884
      0.27    0.39768    3.23884
      0.28    0.39768    3.23884
      0.29   0.397672    3.23847
       0.3   0.397672    3.23847
      0.31   0.397672    3.23847
      0.32   0.397672    3.23847
      0.33   0.397672    3.23847
      0.34   0.397672    3.23847
      0.35    0.39757     3.2382
      0.36    0.39757     3.2382
      0.37    0.39757     3.2382
      0.38    0.39757     3.2382
      0.39    0.39757     3.2382
       0.4    0.39757     3.2382
      0.41   0.397571    3.23714
      0.42   0.397571    3.23714
      0.43   0.380261    3.26383
      0.44   0.380261    3.26383
      0.45   0.346176    3.33428
      0.46   0.346176    3.33428
      0.47   0.346121      3.337
      0.48   0.346121      3.337
      0.49   0.346121      3.337
       0.5   0.346121      3.337
      0.51   0.346121      3.337
      0.52   0.346121      3.337
      0.53   0.346121      3.337
      0.54   0.346121      3.337
      0.55   0.346121      3.337
      0.56   0.346121      3.337
      0.57    0.34613    3.33516
      0.58    0.34613    3.33516
      0.59    0.34613    3.33516
       0.6    0.34613    3.33516
      0.61    0.34528    3.33567
      0.62   0.344667    3.33434
      0.63   0.309377    3.40486
      0.64   0.309377    3.40486
      0.65   0.309377    3.40486
      0.66   0.309377    3.40486
      0.67   0.309377    3.40486
      0.68   0.309377    3.40486
      0.69   0.309377    3.40486
       0.7   0.309377    3.40486
      0.71   0.309377    3.40486
      0.72   0.309377    3.40486
      0.73   0.309377    3.40486
      0.74   0.309377    3.40486
      0.75   0.309377    3.40486
      0.76   0.309377    3.40486
      0.77   0.309377    3.40486
      0.78   0.309377    3.40486
      0.79   0.233515    3.50493
       0.8   0.233515    3.50493
      0.81   0.233515    3.50493
      0.82   0.233515    3.50493
      0.83   0.233515    3.50493
      0.84    0.22873     3.5101
      0.85    0.22873     3.5101
      0.86    0.22873     3.5101
      0.87    0.22873     3.5101
      0.88    0.22873     3.5101
      0.89    0.22873     3.5101
       0.9    0.22873     3.5101
      0.91    0.22873     3.5101
      0.92    0.22873     3.5101
      0.93    0.22873     3.5101
      0.94   0.197379    3.55519
      0.95   0.197379    3.55519
      0.96   0.197379    3.55519
      0.97   0.188828    3.56933
      0.98   0.188828    3.56933
      0.99   0.188828    3.56933
