      0.01     221966     772005    39481.6     154401
      0.02     364124     772005    71752.8     154401
      0.03     528867     772005     107942     154401
      0.04     562301     772005     121716     154401
      0.05     550509     772005     121769     154401
      0.06     551364     772005     122416     154401
      0.07     528217     772005     122869     154401
      0.08     527796     772005     122769     154401
      0.09     527363     772005     122809     154401
       0.1     525790     772005     122705     154401
      0.11     526502     772005     122822     154401
      0.12     529177     772005     128265     154401
      0.13     528272     772005     128228     154401
      0.14     517079     772005     127434     154401
      0.15     515321     772005     127385     154401
      0.16     515425     772005     127448     154401
      0.17     515425     772005     127448     154401
      0.18     514856     772005     127441     154401
      0.19     501350     772005     125657     154401
       0.2     499349     772005     125328     154401
      0.21     488981     772005     123118     154401
      0.22     488981     772005     123118     154401
      0.23     487682     772005     122977     154401
      0.24     487682     772005     122977     154401
      0.25     465295     772005     120678     154401
      0.26     465337     772005     120695     154401
      0.27     465337     772005     120695     154401
      0.28     465337     772005     120695     154401
      0.29     465337     772005     120695     154401
       0.3     465337     772005     120695     154401
      0.31     465337     772005     120695     154401
      0.32     449385     772005     119758     154401
      0.33     442545     772005     119219     154401
      0.34     442399     772005     119558     154401
      0.35     442399     772005     119558     154401
      0.36     442399     772005     119558     154401
      0.37     442399     772005     119558     154401
      0.38     442399     772005     119558     154401
      0.39     442399     772005     119558     154401
       0.4     442399     772005     119558     154401
      0.41     442399     772005     119558     154401
      0.42     442399     772005     119558     154401
      0.43     429288     772005     118196     154401
      0.44     429288     772005     118196     154401
      0.45     429288     772005     118196     154401
      0.46     429288     772005     118196     154401
      0.47     429288     772005     118196     154401
      0.48     425432     772005     117837     154401
      0.49     262265     772005      86078     154401
       0.5     262265     772005      86078     154401
      0.51     262265     772005      86078     154401
      0.52     262265     772005      86078     154401
      0.53     262265     772005      86078     154401
      0.54     262265     772005      86078     154401
      0.55     262265     772005      86078     154401
      0.56     262265     772005      86078     154401
      0.57     262265     772005      86078     154401
      0.58     262265     772005      86078     154401
      0.59     262265     772005      86078     154401
       0.6     262265     772005      86078     154401
      0.61     262265     772005      86078     154401
      0.62     262265     772005      86078     154401
      0.63     262265     772005      86078     154401
      0.64     262265     772005      86078     154401
      0.65     262265     772005      86078     154401
      0.66     262265     772005      86078     154401
      0.67     262265     772005      86078     154401
      0.68     262265     772005      86078     154401
      0.69     262265     772005      86078     154401
       0.7     262265     772005      86078     154401
      0.71     262265     772005      86078     154401
      0.72     262265     772005      86078     154401
      0.73     262265     772005      86078     154401
      0.74     262265     772005      86078     154401
      0.75     262265     772005      86078     154401
      0.76     262265     772005      86078     154401
      0.77     262265     772005      86078     154401
      0.78     262265     772005      86078     154401
      0.79     262265     772005      86078     154401
       0.8     262265     772005      86078     154401
      0.81     262265     772005      86078     154401
      0.82     262265     772005      86078     154401
      0.83     262265     772005      86078     154401
      0.84     262265     772005      86078     154401
      0.85     262265     772005      86078     154401
      0.86     262265     772005      86078     154401
      0.87     262265     772005      86078     154401
      0.88     262265     772005      86078     154401
      0.89     262265     772005      86078     154401
       0.9     262265     772005      86078     154401
      0.91     262265     772005      86078     154401
      0.92     262265     772005      86078     154401
      0.93     262265     772005      86078     154401
      0.94     262265     772005      86078     154401
      0.95     262265     772005      86078     154401
      0.96     262265     772005      86078     154401
      0.97     262265     772005      86078     154401
      0.98     262265     772005      86078     154401
      0.99     262265     772005      86078     154401
