      0.01      15774      18757       4789       9756
      0.02      14695      18757       4170       6139
      0.03      13745      18757       3680       4874
      0.04      12889      18757       3359       4193
      0.05      12033      18757       3088       3729
      0.06      11304      18757       2884       3376
      0.07      10093      18757       2599       3052
      0.08       9968      18757       2519       2923
      0.09       9852      18757       2479       2860
       0.1       9542      18757       2413       2783
      0.11       9485      18757       2381       2722
      0.12       9079      18757       2269       2606
      0.13       8946      18757       2227       2543
      0.14       7642      18757       1874       2103
      0.15       7442      18757       1815       2013
      0.16       7433      18757       1809       2005
      0.17       7431      18757       1808       2005
      0.18       7408      18757       1803       1997
      0.19       6648      18757       1617       1808
       0.2       6522      18757       1577       1763
      0.21       6138      18757       1487       1669
      0.22       6137      18757       1488       1669
      0.23       5908      18757       1433       1609
      0.24       5909      18757       1433       1609
      0.25       4765      18757       1144       1292
      0.26       4749      18757       1139       1285
      0.27       4751      18757       1137       1285
      0.28       4749      18757       1138       1285
      0.29       4747      18757       1137       1285
       0.3       4751      18757       1138       1285
      0.31       4750      18757       1137       1285
      0.32       4590      18757       1093       1233
      0.33       4182      18757        976       1062
      0.34       3999      18757        935       1021
      0.35       3997      18757        935       1021
      0.36       3999      18757        935       1021
      0.37       3999      18757        935       1021
      0.38       4001      18757        935       1021
      0.39       3996      18757        935       1021
       0.4       3999      18757        935       1021
      0.41       4000      18757        935       1021
      0.42       4001      18757        935       1021
      0.43       3267      18757        780        866
      0.44       3269      18757        780        866
      0.45       3267      18757        780        866
      0.46       3267      18757        780        866
      0.47       3270      18757        780        866
      0.48       3232      18757        772        855
      0.49          0      18757          0          0
       0.5          0      18757          0          0
      0.51          0      18757          0          0
      0.52          0      18757          0          0
      0.53          0      18757          0          0
      0.54          0      18757          0          0
      0.55          0      18757          0          0
      0.56          0      18757          0          0
      0.57          0      18757          0          0
      0.58          0      18757          0          0
      0.59          0      18757          0          0
       0.6          0      18757          0          0
      0.61          0      18757          0          0
      0.62          0      18757          0          0
      0.63          0      18757          0          0
      0.64          0      18757          0          0
      0.65          0      18757          0          0
      0.66          0      18757          0          0
      0.67          0      18757          0          0
      0.68          0      18757          0          0
      0.69          0      18757          0          0
       0.7          0      18757          0          0
      0.71          0      18757          0          0
      0.72          0      18757          0          0
      0.73          0      18757          0          0
      0.74          0      18757          0          0
      0.75          0      18757          0          0
      0.76          0      18757          0          0
      0.77          0      18757          0          0
      0.78          0      18757          0          0
      0.79          0      18757          0          0
       0.8          0      18757          0          0
      0.81          0      18757          0          0
      0.82          0      18757          0          0
      0.83          0      18757          0          0
      0.84          0      18757          0          0
      0.85          0      18757          0          0
      0.86          0      18757          0          0
      0.87          0      18757          0          0
      0.88          0      18757          0          0
      0.89          0      18757          0          0
       0.9          0      18757          0          0
      0.91          0      18757          0          0
      0.92          0      18757          0          0
      0.93          0      18757          0          0
      0.94          0      18757          0          0
      0.95          0      18757          0          0
      0.96          0      18757          0          0
      0.97          0      18757          0          0
      0.98          0      18757          0          0
      0.99          0      18757          0          0
