      0.01     159888     772005    37817.2     154401
      0.02     266118     772005    59579.6     154401
      0.03     305335     772005    66738.5     154401
      0.04     309531     772005    71312.7     154401
      0.05     344019     772005    79027.7     154401
      0.06     343433     772005    79253.4     154401
      0.07     342150     772005    82021.8     154401
      0.08     372556     772005    89858.8     154401
      0.09     379871     772005    93886.2     154401
       0.1     378148     772005    95248.5     154401
      0.11     363199     772005    91182.9     154401
      0.12     362388     772005    90774.1     154401
      0.13     344110     772005    87908.6     154401
      0.14     334907     772005    86158.7     154401
      0.15     310708     772005    85218.7     154401
      0.16     302386     772005    81129.5     154401
      0.17     302386     772005    81129.5     154401
      0.18     243374     772005    95973.2     154401
      0.19     233249     772005    96796.5     154401
       0.2     233171     772005      96796     154401
      0.21     233171     772005      96796     154401
      0.22     210655     772005    91574.5     154401
      0.23     210655     772005    91574.5     154401
      0.24     210673     772005    91636.7     154401
      0.25     210673     772005    91636.7     154401
      0.26     210673     772005    91636.7     154401
      0.27     210673     772005    91636.7     154401
      0.28     210673     772005    91636.7     154401
      0.29     210634     772005    91637.1     154401
       0.3     210634     772005    91637.1     154401
      0.31     210634     772005    91637.1     154401
      0.32     210634     772005    91637.1     154401
      0.33     210634     772005    91637.1     154401
      0.34     210634     772005    91637.1     154401
      0.35     210624     772005      91637     154401
      0.36     210624     772005      91637     154401
      0.37     210624     772005      91637     154401
      0.38     210624     772005      91637     154401
      0.39     210624     772005      91637     154401
       0.4     210624     772005      91637     154401
      0.41     210641     772005    91673.6     154401
      0.42     210641     772005    91673.6     154401
      0.43     203765     772005    90122.5     154401
      0.44     203765     772005    90122.5     154401
      0.45     191312     772005    87392.3     154401
      0.46     191312     772005    87392.3     154401
      0.47     190784     772005    87364.4     154401
      0.48     190784     772005    87364.4     154401
      0.49     190784     772005    87364.4     154401
       0.5     190784     772005    87364.4     154401
      0.51     190784     772005    87364.4     154401
      0.52     190784     772005    87364.4     154401
      0.53     190784     772005    87364.4     154401
      0.54     190784     772005    87364.4     154401
      0.55     190784     772005    87364.4     154401
      0.56     190784     772005    87364.4     154401
      0.57     190889     772005      87431     154401
      0.58     190889     772005      87431     154401
      0.59     190889     772005      87431     154401
       0.6     190889     772005      87431     154401
      0.61     190687     772005    87416.7     154401
      0.62     190633     772005    87415.2     154401
      0.63     178364     772005    84365.5     154401
      0.64     178364     772005    84365.5     154401
      0.65     178364     772005    84365.5     154401
      0.66     178364     772005    84365.5     154401
      0.67     178364     772005    84365.5     154401
      0.68     178364     772005    84365.5     154401
      0.69     178364     772005    84365.5     154401
       0.7     178364     772005    84365.5     154401
      0.71     178364     772005    84365.5     154401
      0.72     178364     772005    84365.5     154401
      0.73     178364     772005    84365.5     154401
      0.74     178364     772005    84365.5     154401
      0.75     178364     772005    84365.5     154401
      0.76     178364     772005    84365.5     154401
      0.77     178364     772005    84365.5     154401
      0.78     178364     772005    84365.5     154401
      0.79     152651     772005    78492.1     154401
       0.8     152651     772005    78492.1     154401
      0.81     152651     772005    78492.1     154401
      0.82     152651     772005    78492.1     154401
      0.83     152651     772005    78492.1     154401
      0.84     152059     772005    78248.9     154401
      0.85     152059     772005    78248.9     154401
      0.86     152059     772005    78248.9     154401
      0.87     152059     772005    78248.9     154401
      0.88     152059     772005    78248.9     154401
      0.89     152059     772005    78248.9     154401
       0.9     152059     772005    78248.9     154401
      0.91     152059     772005    78248.9     154401
      0.92     152059     772005    78248.9     154401
      0.93     152059     772005    78248.9     154401
      0.94     141961     772005    76439.5     154401
      0.95     141961     772005    76439.5     154401
      0.96     141961     772005    76439.5     154401
      0.97     139109     772005    75876.4     154401
      0.98     139109     772005    75876.4     154401
      0.99     139109     772005    75876.4     154401
