      0.01     254920     772005    77546.1     154401
      0.02     282139     772005    92188.1     154401
      0.03     287150     772005    89906.9     154401
      0.04     450723     772005     108807     154401
      0.05     479933     772005     122277     154401
      0.06     440429     772005     120972     154401
      0.07     441173     772005     121404     154401
      0.08     456289     772005     128538     154401
      0.09     452920     772005     128353     154401
       0.1     451905     772005     128329     154401
      0.11     452875     772005     128411     154401
      0.12     412187     772005     123143     154401
      0.13     411008     772005     123142     154401
      0.14     411345     772005     123393     154401
      0.15     411345     772005     123393     154401
      0.16     404056     772005     123135     154401
      0.17     361357     772005     116970     154401
      0.18     361357     772005     116970     154401
      0.19     361357     772005     116970     154401
       0.2     361357     772005     116970     154401
      0.21     361357     772005     116970     154401
      0.22     361357     772005     116970     154401
      0.23     361357     772005     116970     154401
      0.24     360791     772005     116959     154401
      0.25     360791     772005     116959     154401
      0.26     360791     772005     116959     154401
      0.27     360791     772005     116959     154401
      0.28     360791     772005     116959     154401
      0.29     360791     772005     116959     154401
       0.3     360791     772005     116959     154401
      0.31     360791     772005     116959     154401
      0.32     360791     772005     116959     154401
      0.33     360791     772005     116959     154401
      0.34     360791     772005     116959     154401
      0.35     360791     772005     116959     154401
      0.36     360791     772005     116959     154401
      0.37     360791     772005     116959     154401
      0.38     360791     772005     116959     154401
      0.39     360791     772005     116959     154401
       0.4     360791     772005     116959     154401
      0.41     360791     772005     116959     154401
      0.42     360791     772005     116959     154401
      0.43     360791     772005     116959     154401
      0.44     360791     772005     116959     154401
      0.45     360791     772005     116959     154401
      0.46     360791     772005     116959     154401
      0.47     360791     772005     116959     154401
      0.48     360791     772005     116959     154401
      0.49     360791     772005     116959     154401
       0.5     360791     772005     116959     154401
      0.51     360791     772005     116959     154401
      0.52     360791     772005     116959     154401
      0.53     360791     772005     116959     154401
      0.54     360791     772005     116959     154401
      0.55     360791     772005     116959     154401
      0.56     360791     772005     116959     154401
      0.57     360791     772005     116959     154401
      0.58     360791     772005     116959     154401
      0.59     360791     772005     116959     154401
       0.6     360791     772005     116959     154401
      0.61     360791     772005     116959     154401
      0.62     360791     772005     116959     154401
      0.63     360791     772005     116959     154401
      0.64     360791     772005     116959     154401
      0.65     360791     772005     116959     154401
      0.66     360791     772005     116959     154401
      0.67     360791     772005     116959     154401
      0.68     360791     772005     116959     154401
      0.69     360791     772005     116959     154401
       0.7     360791     772005     116959     154401
      0.71     360791     772005     116959     154401
      0.72     360791     772005     116959     154401
      0.73     360791     772005     116959     154401
      0.74     360791     772005     116959     154401
      0.75     360791     772005     116959     154401
      0.76     360791     772005     116959     154401
      0.77     360791     772005     116959     154401
      0.78     360791     772005     116959     154401
      0.79     360791     772005     116959     154401
       0.8     360791     772005     116959     154401
      0.81     360791     772005     116959     154401
      0.82     360791     772005     116959     154401
      0.83     360791     772005     116959     154401
      0.84     360791     772005     116959     154401
      0.85     360791     772005     116959     154401
      0.86     360791     772005     116959     154401
      0.87     360791     772005     116959     154401
      0.88     360791     772005     116959     154401
      0.89     360791     772005     116959     154401
       0.9     360791     772005     116959     154401
      0.91     360791     772005     116959     154401
      0.92     360791     772005     116959     154401
      0.93     360791     772005     116959     154401
      0.94     360791     772005     116959     154401
      0.95     360791     772005     116959     154401
      0.96     360791     772005     116959     154401
      0.97     360791     772005     116959     154401
      0.98     360791     772005     116959     154401
      0.99     360791     772005     116959     154401
