      0.01   0.698792    4.10921
      0.02   0.777442    2.52881
      0.03   0.877523    1.86288
      0.04   0.915452    1.55361
      0.05   0.912531    1.47766
      0.06   0.912043    1.43699
      0.07    0.89582    1.49192
      0.08   0.894822    1.46424
      0.09   0.894181    1.46326
       0.1   0.892553    1.46893
      0.11   0.893186    1.45327
      0.12    0.88585    1.39464
      0.13   0.884329    1.39379
      0.14   0.868256    1.42064
      0.15    0.86639    1.41714
      0.16   0.866392    1.41512
      0.17   0.866392    1.41512
      0.18   0.865386    1.41675
      0.19    0.84887    1.47443
       0.2   0.845922    1.48127
      0.21    0.83468     1.5275
      0.22    0.83468     1.5275
      0.23   0.833614    1.53266
      0.24   0.833614    1.53266
      0.25   0.801318    1.62725
      0.26   0.801318    1.62634
      0.27   0.801318    1.62634
      0.28   0.801318    1.62634
      0.29   0.801318    1.62634
       0.3   0.801318    1.62634
      0.31   0.801318    1.62634
      0.32   0.783841    1.64734
      0.33    0.77474    1.65899
      0.34   0.774367    1.65246
      0.35   0.774367    1.65246
      0.36   0.774367    1.65246
      0.37   0.774367    1.65246
      0.38   0.774367    1.65246
      0.39   0.774367    1.65246
       0.4   0.774367    1.65246
      0.41   0.774367    1.65246
      0.42   0.774367    1.65246
      0.43   0.761327    1.72671
      0.44   0.761327    1.72671
      0.45   0.761327    1.72671
      0.46   0.761327    1.72671
      0.47   0.761327    1.72671
      0.48   0.757037    1.75061
      0.49   0.339715    2.35429
       0.5   0.339715    2.35429
      0.51   0.339715    2.35429
      0.52   0.339715    2.35429
      0.53   0.339715    2.35429
      0.54   0.339715    2.35429
      0.55   0.339715    2.35429
      0.56   0.339715    2.35429
      0.57   0.339715    2.35429
      0.58   0.339715    2.35429
      0.59   0.339715    2.35429
       0.6   0.339715    2.35429
      0.61   0.339715    2.35429
      0.62   0.339715    2.35429
      0.63   0.339715    2.35429
      0.64   0.339715    2.35429
      0.65   0.339715    2.35429
      0.66   0.339715    2.35429
      0.67   0.339715    2.35429
      0.68   0.339715    2.35429
      0.69   0.339715    2.35429
       0.7   0.339715    2.35429
      0.71   0.339715    2.35429
      0.72   0.339715    2.35429
      0.73   0.339715    2.35429
      0.74   0.339715    2.35429
      0.75   0.339715    2.35429
      0.76   0.339715    2.35429
      0.77   0.339715    2.35429
      0.78   0.339715    2.35429
      0.79   0.339715    2.35429
       0.8   0.339715    2.35429
      0.81   0.339715    2.35429
      0.82   0.339715    2.35429
      0.83   0.339715    2.35429
      0.84   0.339715    2.35429
      0.85   0.339715    2.35429
      0.86   0.339715    2.35429
      0.87   0.339715    2.35429
      0.88   0.339715    2.35429
      0.89   0.339715    2.35429
       0.9   0.339715    2.35429
      0.91   0.339715    2.35429
      0.92   0.339715    2.35429
      0.93   0.339715    2.35429
      0.94   0.339715    2.35429
      0.95   0.339715    2.35429
      0.96   0.339715    2.35429
      0.97   0.339715    2.35429
      0.98   0.339715    2.35429
      0.99   0.339715    2.35429
