      0.01    0.64877    5.35183
      0.02   0.734784    2.79133
      0.03   0.753453    2.26768
      0.04   0.824321    1.69017
      0.05   0.830302    1.60129
      0.06   0.831528    1.46783
      0.07   0.787833     1.5423
      0.08   0.787835    1.54128
      0.09   0.787265    1.53762
       0.1   0.768455    1.55021
      0.11   0.717706    1.54794
      0.12    0.71769    1.54742
      0.13   0.728414    1.40831
      0.14   0.727409    1.40702
      0.15   0.727409    1.40702
      0.16   0.727409    1.40702
      0.17   0.727008    1.40657
      0.18   0.727008    1.40657
      0.19   0.707648     1.4595
       0.2   0.707648     1.4595
      0.21   0.707648     1.4595
      0.22   0.707648     1.4595
      0.23   0.704158    1.48573
      0.24   0.704158    1.48573
      0.25   0.704158    1.48573
      0.26   0.695243    1.51794
      0.27   0.388113    1.86716
      0.28   0.388113    1.86716
      0.29   0.388113    1.86716
       0.3   0.388113    1.86716
      0.31   0.388113    1.86716
      0.32   0.388113    1.86716
      0.33   0.388113    1.86716
      0.34   0.388113    1.86716
      0.35   0.388113    1.86716
      0.36   0.388113    1.86716
      0.37   0.388113    1.86716
      0.38   0.388113    1.86716
      0.39   0.388113    1.86716
       0.4   0.388113    1.86716
      0.41   0.388113    1.86716
      0.42   0.388113    1.86716
      0.43   0.388113    1.86716
      0.44   0.388113    1.86716
      0.45   0.388113    1.86716
      0.46   0.388113    1.86716
      0.47   0.388113    1.86716
      0.48   0.388113    1.86716
      0.49   0.388113    1.86716
       0.5   0.388113    1.86716
      0.51   0.388113    1.86716
      0.52   0.388113    1.86716
      0.53   0.388113    1.86716
      0.54   0.388113    1.86716
      0.55   0.388113    1.86716
      0.56   0.388113    1.86716
      0.57   0.388113    1.86716
      0.58   0.388113    1.86716
      0.59   0.388113    1.86716
       0.6   0.388113    1.86716
      0.61   0.388113    1.86716
      0.62   0.388113    1.86716
      0.63   0.388113    1.86716
      0.64   0.388113    1.86716
      0.65   0.388113    1.86716
      0.66   0.388113    1.86716
      0.67   0.388113    1.86716
      0.68   0.388113    1.86716
      0.69   0.388113    1.86716
       0.7   0.388113    1.86716
      0.71   0.388113    1.86716
      0.72   0.388113    1.86716
      0.73   0.388113    1.86716
      0.74   0.388113    1.86716
      0.75   0.388113    1.86716
      0.76   0.388113    1.86716
      0.77   0.388113    1.86716
      0.78   0.388113    1.86716
      0.79   0.388113    1.86716
       0.8   0.388113    1.86716
      0.81   0.388113    1.86716
      0.82   0.388113    1.86716
      0.83   0.388113    1.86716
      0.84   0.388113    1.86716
      0.85   0.388113    1.86716
      0.86   0.388113    1.86716
      0.87   0.388113    1.86716
      0.88   0.388113    1.86716
      0.89   0.388113    1.86716
       0.9   0.388113    1.86716
      0.91   0.388113    1.86716
      0.92   0.388113    1.86716
      0.93   0.388113    1.86716
      0.94   0.388113    1.86716
      0.95   0.388113    1.86716
      0.96   0.388113    1.86716
      0.97   0.388113    1.86716
      0.98   0.388113    1.86716
      0.99   0.388113    1.86716
