      0.01     191300     772005    33674.6     154401
      0.02     386761     772005    78037.8     154401
      0.03     421098     772005    93524.1     154401
      0.04     507054     772005     124632     154401
      0.05     511141     772005     127022     154401
      0.06     523243     772005     129967     154401
      0.07     489339     772005     130951     154401
      0.08     489351     772005     130942     154401
      0.09     488235     772005     130762     154401
       0.1     470651     772005     127770     154401
      0.11     434087     772005     119929     154401
      0.12     434067     772005     119929     154401
      0.13     439931     772005     124542     154401
      0.14     439483     772005     124460     154401
      0.15     439483     772005     124460     154401
      0.16     439483     772005     124460     154401
      0.17     439341     772005     124453     154401
      0.18     439341     772005     124453     154401
      0.19     428647     772005     121267     154401
       0.2     428647     772005     121267     154401
      0.21     428647     772005     121267     154401
      0.22     428647     772005     121267     154401
      0.23     424612     772005     121890     154401
      0.24     424612     772005     121890     154401
      0.25     424612     772005     121890     154401
      0.26     418160     772005     120924     154401
      0.27     299628     772005     128587     154401
      0.28     299628     772005     128587     154401
      0.29     299628     772005     128587     154401
       0.3     299628     772005     128587     154401
      0.31     299628     772005     128587     154401
      0.32     299628     772005     128587     154401
      0.33     299628     772005     128587     154401
      0.34     299628     772005     128587     154401
      0.35     299628     772005     128587     154401
      0.36     299628     772005     128587     154401
      0.37     299628     772005     128587     154401
      0.38     299628     772005     128587     154401
      0.39     299628     772005     128587     154401
       0.4     299628     772005     128587     154401
      0.41     299628     772005     128587     154401
      0.42     299628     772005     128587     154401
      0.43     299628     772005     128587     154401
      0.44     299628     772005     128587     154401
      0.45     299628     772005     128587     154401
      0.46     299628     772005     128587     154401
      0.47     299628     772005     128587     154401
      0.48     299628     772005     128587     154401
      0.49     299628     772005     128587     154401
       0.5     299628     772005     128587     154401
      0.51     299628     772005     128587     154401
      0.52     299628     772005     128587     154401
      0.53     299628     772005     128587     154401
      0.54     299628     772005     128587     154401
      0.55     299628     772005     128587     154401
      0.56     299628     772005     128587     154401
      0.57     299628     772005     128587     154401
      0.58     299628     772005     128587     154401
      0.59     299628     772005     128587     154401
       0.6     299628     772005     128587     154401
      0.61     299628     772005     128587     154401
      0.62     299628     772005     128587     154401
      0.63     299628     772005     128587     154401
      0.64     299628     772005     128587     154401
      0.65     299628     772005     128587     154401
      0.66     299628     772005     128587     154401
      0.67     299628     772005     128587     154401
      0.68     299628     772005     128587     154401
      0.69     299628     772005     128587     154401
       0.7     299628     772005     128587     154401
      0.71     299628     772005     128587     154401
      0.72     299628     772005     128587     154401
      0.73     299628     772005     128587     154401
      0.74     299628     772005     128587     154401
      0.75     299628     772005     128587     154401
      0.76     299628     772005     128587     154401
      0.77     299628     772005     128587     154401
      0.78     299628     772005     128587     154401
      0.79     299628     772005     128587     154401
       0.8     299628     772005     128587     154401
      0.81     299628     772005     128587     154401
      0.82     299628     772005     128587     154401
      0.83     299628     772005     128587     154401
      0.84     299628     772005     128587     154401
      0.85     299628     772005     128587     154401
      0.86     299628     772005     128587     154401
      0.87     299628     772005     128587     154401
      0.88     299628     772005     128587     154401
      0.89     299628     772005     128587     154401
       0.9     299628     772005     128587     154401
      0.91     299628     772005     128587     154401
      0.92     299628     772005     128587     154401
      0.93     299628     772005     128587     154401
      0.94     299628     772005     128587     154401
      0.95     299628     772005     128587     154401
      0.96     299628     772005     128587     154401
      0.97     299628     772005     128587     154401
      0.98     299628     772005     128587     154401
      0.99     299628     772005     128587     154401
