      0.01      11996      12459       5167      12343
      0.02      10872      12459       3988       5983
      0.03      10054      12459       3345       4459
      0.04       9463      12459       2897       3484
      0.05       9300      12459       2762       3166
      0.06       8972      12459       2541       2741
      0.07       7296      12459       2000       2145
      0.08       7290      12459       1988       2130
      0.09       7089      12459       1929       2063
       0.1       6543      12459       1768       1855
      0.11       5943      12459       1514       1584
      0.12       5926      12459       1509       1578
      0.13       5283      12459       1139       1189
      0.14       5100      12459       1094       1144
      0.15       5098      12459       1094       1144
      0.16       5095      12459       1095       1144
      0.17       5039      12459       1075       1125
      0.18       5038      12459       1076       1125
      0.19       4583      12459        973       1024
       0.2       4578      12459        975       1024
      0.21       4586      12459        975       1024
      0.22       4585      12459        975       1024
      0.23       4483      12459        954       1003
      0.24       4482      12459        954       1003
      0.25       4479      12459        954       1003
      0.26       3786      12459        812        861
      0.27          0      12459          0          0
      0.28          0      12459          0          0
      0.29          0      12459          0          0
       0.3          0      12459          0          0
      0.31          0      12459          0          0
      0.32          0      12459          0          0
      0.33          0      12459          0          0
      0.34          0      12459          0          0
      0.35          0      12459          0          0
      0.36          0      12459          0          0
      0.37          0      12459          0          0
      0.38          0      12459          0          0
      0.39          0      12459          0          0
       0.4          0      12459          0          0
      0.41          0      12459          0          0
      0.42          0      12459          0          0
      0.43          0      12459          0          0
      0.44          0      12459          0          0
      0.45          0      12459          0          0
      0.46          0      12459          0          0
      0.47          0      12459          0          0
      0.48          0      12459          0          0
      0.49          0      12459          0          0
       0.5          0      12459          0          0
      0.51          0      12459          0          0
      0.52          0      12459          0          0
      0.53          0      12459          0          0
      0.54          0      12459          0          0
      0.55          0      12459          0          0
      0.56          0      12459          0          0
      0.57          0      12459          0          0
      0.58          0      12459          0          0
      0.59          0      12459          0          0
       0.6          0      12459          0          0
      0.61          0      12459          0          0
      0.62          0      12459          0          0
      0.63          0      12459          0          0
      0.64          0      12459          0          0
      0.65          0      12459          0          0
      0.66          0      12459          0          0
      0.67          0      12459          0          0
      0.68          0      12459          0          0
      0.69          0      12459          0          0
       0.7          0      12459          0          0
      0.71          0      12459          0          0
      0.72          0      12459          0          0
      0.73          0      12459          0          0
      0.74          0      12459          0          0
      0.75          0      12459          0          0
      0.76          0      12459          0          0
      0.77          0      12459          0          0
      0.78          0      12459          0          0
      0.79          0      12459          0          0
       0.8          0      12459          0          0
      0.81          0      12459          0          0
      0.82          0      12459          0          0
      0.83          0      12459          0          0
      0.84          0      12459          0          0
      0.85          0      12459          0          0
      0.86          0      12459          0          0
      0.87          0      12459          0          0
      0.88          0      12459          0          0
      0.89          0      12459          0          0
       0.9          0      12459          0          0
      0.91          0      12459          0          0
      0.92          0      12459          0          0
      0.93          0      12459          0          0
      0.94          0      12459          0          0
      0.95          0      12459          0          0
      0.96          0      12459          0          0
      0.97          0      12459          0          0
      0.98          0      12459          0          0
      0.99          0      12459          0          0
