      0.01      18141      21299       7252      12701
      0.02      15811      21299       5451       7755
      0.03      14976      21299       4817       6356
      0.04      13512      21299       4217       5184
      0.05      13102      21299       3950       4632
      0.06      12768      21299       3725       4356
      0.07      12328      21299       3543       4016
      0.08      10901      21299       3032       3400
      0.09      10886      21299       3017       3380
       0.1      10364      21299       2825       3098
      0.11       9498      21299       2494       2760
      0.12       9488      21299       2489       2713
      0.13       9390      21299       2457       2680
      0.14       8697      21299       2228       2448
      0.15       8372      21299       2108       2328
      0.16       7860      21299       1994       2166
      0.17       6980      21299       1755       1861
      0.18       6981      21299       1755       1861
      0.19       6984      21299       1755       1861
       0.2       6979      21299       1755       1861
      0.21       6976      21299       1755       1861
      0.22       6236      21299       1577       1683
      0.23       6235      21299       1577       1683
      0.24       6225      21299       1577       1683
      0.25       6238      21299       1577       1683
      0.26       6069      21299       1512       1614
      0.27       6064      21299       1512       1614
      0.28       6064      21299       1512       1614
      0.29       6067      21299       1512       1614
       0.3       4716      21299       1048       1150
      0.31       4713      21299       1048       1150
      0.32       4715      21299       1048       1150
      0.33       4709      21299       1048       1150
      0.34       3076      21299        661        661
      0.35       3071      21299        661        661
      0.36       3075      21299        661        661
      0.37       3075      21299        661        661
      0.38       3075      21299        661        661
      0.39       3073      21299        661        661
       0.4       3074      21299        661        661
      0.41       3077      21299        661        661
      0.42       3075      21299        661        661
      0.43       3073      21299        661        661
      0.44       3073      21299        661        661
      0.45       3074      21299        661        661
      0.46       3076      21299        661        661
      0.47       3074      21299        661        661
      0.48       3076      21299        661        661
      0.49       3076      21299        661        661
       0.5       3076      21299        661        661
      0.51       3073      21299        661        661
      0.52       3075      21299        661        661
      0.53       3074      21299        661        661
      0.54       3076      21299        661        661
      0.55       3075      21299        661        661
      0.56       3076      21299        661        661
      0.57       3075      21299        661        661
      0.58       3076      21299        661        661
      0.59       3075      21299        661        661
       0.6       3074      21299        661        661
      0.61       3074      21299        661        661
      0.62       3076      21299        661        661
      0.63       3074      21299        661        661
      0.64       3076      21299        661        661
      0.65       3070      21299        661        661
      0.66       3074      21299        661        661
      0.67       3077      21299        661        661
      0.68       3075      21299        661        661
      0.69       2208      21299        469        469
       0.7       2210      21299        469        469
      0.71       2208      21299        469        469
      0.72       2207      21299        469        469
      0.73       2209      21299        469        469
      0.74       1249      21299        270        270
      0.75       1249      21299        270        270
      0.76       1249      21299        270        270
      0.77       1249      21299        270        270
      0.78       1248      21299        270        270
      0.79       1249      21299        270        270
       0.8       1250      21299        270        270
      0.81       1249      21299        270        270
      0.82       1246      21299        270        270
      0.83       1250      21299        270        270
      0.84          0      21299          0          0
      0.85          0      21299          0          0
      0.86          0      21299          0          0
      0.87          0      21299          0          0
      0.88          0      21299          0          0
      0.89          0      21299          0          0
       0.9          0      21299          0          0
      0.91          0      21299          0          0
      0.92          0      21299          0          0
      0.93          0      21299          0          0
      0.94          0      21299          0          0
      0.95          0      21299          0          0
      0.96          0      21299          0          0
      0.97          0      21299          0          0
      0.98          0      21299          0          0
      0.99          0      21299          0          0
