      0.01     199613     772005    46805.7     154401
      0.02     284988     772005    69136.5     154401
      0.03     318098     772005    80531.6     154401
      0.04     349588     772005    92792.7     154401
      0.05     360545     772005    98820.6     154401
      0.06     371710     772005     101156     154401
      0.07     373952     772005     104303     154401
      0.08     368233     772005     104364     154401
      0.09     368253     772005     104440     154401
       0.1     363881     772005     102270     154401
      0.11     356910     772005     101911     154401
      0.12     358033     772005     102382     154401
      0.13     357690     772005     102399     154401
      0.14     321609     772005    89689.1     154401
      0.15     316727     772005    87471.5     154401
      0.16     301041     772005    85006.9     154401
      0.17     292013     772005    83622.2     154401
      0.18     292013     772005    83622.2     154401
      0.19     292013     772005    83622.2     154401
       0.2     292013     772005    83622.2     154401
      0.21     292013     772005    83622.2     154401
      0.22     260323     772005    77901.1     154401
      0.23     260323     772005    77901.1     154401
      0.24     260323     772005    77901.1     154401
      0.25     260323     772005    77901.1     154401
      0.26     253617     772005    88059.5     154401
      0.27     253617     772005    88059.5     154401
      0.28     253617     772005    88059.5     154401
      0.29     253617     772005    88059.5     154401
       0.3     252152     772005    95665.4     154401
      0.31     252152     772005    95665.4     154401
      0.32     252152     772005    95665.4     154401
      0.33     252152     772005    95665.4     154401
      0.34     178173     772005    72140.7     154401
      0.35     178173     772005    72140.7     154401
      0.36     178173     772005    72140.7     154401
      0.37     178173     772005    72140.7     154401
      0.38     178173     772005    72140.7     154401
      0.39     178173     772005    72140.7     154401
       0.4     178173     772005    72140.7     154401
      0.41     178173     772005    72140.7     154401
      0.42     178173     772005    72140.7     154401
      0.43     178173     772005    72140.7     154401
      0.44     178173     772005    72140.7     154401
      0.45     178173     772005    72140.7     154401
      0.46     178173     772005    72140.7     154401
      0.47     178173     772005    72140.7     154401
      0.48     178173     772005    72140.7     154401
      0.49     178173     772005    72140.7     154401
       0.5     178173     772005    72140.7     154401
      0.51     178173     772005    72140.7     154401
      0.52     178173     772005    72140.7     154401
      0.53     178173     772005    72140.7     154401
      0.54     178173     772005    72140.7     154401
      0.55     178173     772005    72140.7     154401
      0.56     178173     772005    72140.7     154401
      0.57     178173     772005    72140.7     154401
      0.58     178173     772005    72140.7     154401
      0.59     178173     772005    72140.7     154401
       0.6     178173     772005    72140.7     154401
      0.61     178173     772005    72140.7     154401
      0.62     178173     772005    72140.7     154401
      0.63     178173     772005    72140.7     154401
      0.64     178173     772005    72140.7     154401
      0.65     178173     772005    72140.7     154401
      0.66     178173     772005    72140.7     154401
      0.67     178173     772005    72140.7     154401
      0.68     178173     772005    72140.7     154401
      0.69     161837     772005    69366.9     154401
       0.7     161837     772005    69366.9     154401
      0.71     161837     772005    69366.9     154401
      0.72     161837     772005    69366.9     154401
      0.73     161837     772005    69366.9     154401
      0.74     144664     772005    66397.6     154401
      0.75     144664     772005    66397.6     154401
      0.76     144664     772005    66397.6     154401
      0.77     144664     772005    66397.6     154401
      0.78     144664     772005    66397.6     154401
      0.79     144664     772005    66397.6     154401
       0.8     144664     772005    66397.6     154401
      0.81     144664     772005    66397.6     154401
      0.82     144664     772005    66397.6     154401
      0.83     144664     772005    66397.6     154401
      0.84     120325     772005      61242     154401
      0.85     120325     772005      61242     154401
      0.86     120325     772005      61242     154401
      0.87     120325     772005      61242     154401
      0.88     120325     772005      61242     154401
      0.89     120325     772005      61242     154401
       0.9     120325     772005      61242     154401
      0.91     120325     772005      61242     154401
      0.92     120325     772005      61242     154401
      0.93     120325     772005      61242     154401
      0.94     120325     772005      61242     154401
      0.95     120325     772005      61242     154401
      0.96     120325     772005      61242     154401
      0.97     120325     772005      61242     154401
      0.98     120325     772005      61242     154401
      0.99     120325     772005      61242     154401
