      0.01   0.852967    4.37383
      0.02   0.864436    3.22365
      0.03   0.868043     2.7992
      0.04   0.863368    2.50397
      0.05   0.865023    2.36349
      0.06   0.863999    2.26392
      0.07   0.862722    2.18963
      0.08    0.85451    2.16437
      0.09   0.854516    2.16098
       0.1   0.849133    2.10666
      0.11   0.837051    2.17832
      0.12   0.837038    2.16483
      0.13   0.836948    2.16349
      0.14   0.805186    2.37012
      0.15   0.805145    2.36465
      0.16   0.790066    2.46908
      0.17    0.78382    2.46848
      0.18    0.78382    2.46848
      0.19    0.78382    2.46848
       0.2    0.78382    2.46848
      0.21    0.78382    2.46848
      0.22   0.755003    2.58766
      0.23   0.755003    2.58766
      0.24   0.755003    2.58766
      0.25   0.755003    2.58766
      0.26   0.672549    2.73495
      0.27   0.672549    2.73495
      0.28   0.672549    2.73495
      0.29   0.672549    2.73495
       0.3   0.650104    2.71401
      0.31   0.650104    2.71401
      0.32   0.650104    2.71401
      0.33   0.650104    2.71401
      0.34   0.295402    3.19088
      0.35   0.295402    3.19088
      0.36   0.295402    3.19088
      0.37   0.295402    3.19088
      0.38   0.295402    3.19088
      0.39   0.295402    3.19088
       0.4   0.295402    3.19088
      0.41   0.295402    3.19088
      0.42   0.295402    3.19088
      0.43   0.295402    3.19088
      0.44   0.295402    3.19088
      0.45   0.295402    3.19088
      0.46   0.295402    3.19088
      0.47   0.295402    3.19088
      0.48   0.295402    3.19088
      0.49   0.295402    3.19088
       0.5   0.295402    3.19088
      0.51   0.295402    3.19088
      0.52   0.295402    3.19088
      0.53   0.295402    3.19088
      0.54   0.295402    3.19088
      0.55   0.295402    3.19088
      0.56   0.295402    3.19088
      0.57   0.295402    3.19088
      0.58   0.295402    3.19088
      0.59   0.295402    3.19088
       0.6   0.295402    3.19088
      0.61   0.295402    3.19088
      0.62   0.295402    3.19088
      0.63   0.295402    3.19088
      0.64   0.295402    3.19088
      0.65   0.295402    3.19088
      0.66   0.295402    3.19088
      0.67   0.295402    3.19088
      0.68   0.295402    3.19088
      0.69   0.260183    3.29018
       0.7   0.260183    3.29018
      0.71   0.260183    3.29018
      0.72   0.260183    3.29018
      0.73   0.260183    3.29018
      0.74   0.222266    3.40477
      0.75   0.222266    3.40477
      0.76   0.222266    3.40477
      0.77   0.222266    3.40477
      0.78   0.222266    3.40477
      0.79   0.222266    3.40477
       0.8   0.222266    3.40477
      0.81   0.222266    3.40477
      0.82   0.222266    3.40477
      0.83   0.222266    3.40477
      0.84   0.155855    3.57517
      0.85   0.155855    3.57517
      0.86   0.155855    3.57517
      0.87   0.155855    3.57517
      0.88   0.155855    3.57517
      0.89   0.155855    3.57517
       0.9   0.155855    3.57517
      0.91   0.155855    3.57517
      0.92   0.155855    3.57517
      0.93   0.155855    3.57517
      0.94   0.155855    3.57517
      0.95   0.155855    3.57517
      0.96   0.155855    3.57517
      0.97   0.155855    3.57517
      0.98   0.155855    3.57517
      0.99   0.155855    3.57517
