      0.01   0.904936    3.25995
      0.02   0.926564    2.40483
      0.03   0.930469    2.14533
      0.04   0.931068    1.99623
      0.05   0.931895    1.90789
      0.06   0.928726    1.93078
      0.07   0.929113    1.87966
      0.08   0.929813    1.81537
      0.09    0.92916    1.79981
       0.1   0.853482    2.17293
      0.11   0.852972    2.16693
      0.12   0.852981    2.16195
      0.13   0.852981    2.16195
      0.14   0.846923    2.14862
      0.15   0.828931    2.21012
      0.16   0.828645      2.211
      0.17   0.828705    2.20211
      0.18   0.828621     2.2005
      0.19   0.823421    2.21232
       0.2   0.823425    2.21117
      0.21   0.823839     2.1586
      0.22   0.823657    2.15656
      0.23   0.823164    2.16256
      0.24   0.823128    2.16182
      0.25   0.823138    2.15902
      0.26   0.823138    2.15902
      0.27   0.823138    2.15902
      0.28   0.822507    2.15614
      0.29   0.822507    2.15614
       0.3   0.822859    2.13042
      0.31   0.822859    2.13042
      0.32   0.615333    2.73374
      0.33   0.615333    2.73374
      0.34   0.615333    2.73374
      0.35   0.615333    2.73374
      0.36   0.615333    2.73374
      0.37   0.615333    2.73374
      0.38   0.615333    2.73374
      0.39   0.615333    2.73374
       0.4   0.319877    3.31194
      0.41   0.319877    3.31194
      0.42   0.319877    3.31194
      0.43   0.319877    3.31194
      0.44   0.319877    3.31194
      0.45   0.319877    3.31194
      0.46   0.319877    3.31194
      0.47   0.319877    3.31194
      0.48   0.319877    3.31194
      0.49   0.319877    3.31194
       0.5   0.319877    3.31194
      0.51   0.319877    3.31194
      0.52   0.319877    3.31194
      0.53   0.283636    3.31832
      0.54   0.283636    3.31832
      0.55   0.283636    3.31832
      0.56   0.283636    3.31832
      0.57     0.2389    3.34826
      0.58     0.2389    3.34826
      0.59     0.2389    3.34826
       0.6   0.191565    3.37265
      0.61   0.191565    3.37265
      0.62   0.191565    3.37265
      0.63   0.191565    3.37265
      0.64   0.191565    3.37265
      0.65   0.191565    3.37265
      0.66   0.191565    3.37265
      0.67   0.191565    3.37265
      0.68   0.191565    3.37265
      0.69   0.191565    3.37265
       0.7   0.191565    3.37265
      0.71   0.191565    3.37265
      0.72   0.191565    3.37265
      0.73   0.126327    3.40678
      0.74   0.126327    3.40678
      0.75   0.126327    3.40678
      0.76   0.126327    3.40678
      0.77   0.126327    3.40678
      0.78   0.126327    3.40678
      0.79   0.126327    3.40678
       0.8   0.126327    3.40678
      0.81   0.126327    3.40678
      0.82   0.126327    3.40678
      0.83   0.126327    3.40678
      0.84   0.126327    3.40678
      0.85   0.126327    3.40678
      0.86   0.126327    3.40678
      0.87   0.126327    3.40678
      0.88   0.126327    3.40678
      0.89   0.126327    3.40678
       0.9   0.126327    3.40678
      0.91   0.126327    3.40678
      0.92   0.126327    3.40678
      0.93   0.126327    3.40678
      0.94   0.126327    3.40678
      0.95   0.126327    3.40678
      0.96   0.126327    3.40678
      0.97   0.126327    3.40678
      0.98   0.126327    3.40678
      0.99   0.126327    3.40678
