      0.01     317762     772005      76310     154401
      0.02     434529     772005     103808     154401
      0.03     453020     772005     109499     154401
      0.04     467433     772005     118901     154401
      0.05     474200     772005     122243     154401
      0.06     459274     772005     121120     154401
      0.07     462520     772005     122179     154401
      0.08     465316     772005     124577     154401
      0.09     464298     772005     124748     154401
       0.1     364588     772005     106062     154401
      0.11     363853     772005     106127     154401
      0.12     363849     772005     106161     154401
      0.13     363849     772005     106161     154401
      0.14     360990     772005     105554     154401
      0.15     326127     772005     100390     154401
      0.16     325739     772005     100389     154401
      0.17     324982     772005    99918.9     154401
      0.18     324865     772005    99921.5     154401
      0.19     316947     772005    98904.9     154401
       0.2     316951     772005    98929.9     154401
      0.21     318890     772005     101563     154401
      0.22     318669     772005     101560     154401
      0.23     318168     772005     101577     154401
      0.24     318136     772005     101577     154401
      0.25     318148     772005     101596     154401
      0.26     318148     772005     101596     154401
      0.27     318148     772005     101596     154401
      0.28     317094     772005     101554     154401
      0.29     317094     772005     101554     154401
       0.3     324157     772005     102736     154401
      0.31     324157     772005     102736     154401
      0.32     234253     772005    73668.9     154401
      0.33     234253     772005    73668.9     154401
      0.34     234253     772005    73668.9     154401
      0.35     234253     772005    73668.9     154401
      0.36     234253     772005    73668.9     154401
      0.37     234253     772005    73668.9     154401
      0.38     234253     772005    73668.9     154401
      0.39     234253     772005    73668.9     154401
       0.4     143287     772005    45477.4     154401
      0.41     143287     772005    45477.4     154401
      0.42     143287     772005    45477.4     154401
      0.43     143287     772005    45477.4     154401
      0.44     143287     772005    45477.4     154401
      0.45     143287     772005    45477.4     154401
      0.46     143287     772005    45477.4     154401
      0.47     143287     772005    45477.4     154401
      0.48     143287     772005    45477.4     154401
      0.49     143287     772005    45477.4     154401
       0.5     143287     772005    45477.4     154401
      0.51     143287     772005    45477.4     154401
      0.52     143287     772005    45477.4     154401
      0.53     140188     772005      44329     154401
      0.54     140188     772005      44329     154401
      0.55     140188     772005      44329     154401
      0.56     140188     772005      44329     154401
      0.57     122108     772005    41630.6     154401
      0.58     122108     772005    41630.6     154401
      0.59     122108     772005    41630.6     154401
       0.6     117992     772005    40509.8     154401
      0.61     117992     772005    40509.8     154401
      0.62     117992     772005    40509.8     154401
      0.63     117992     772005    40509.8     154401
      0.64     117992     772005    40509.8     154401
      0.65     117992     772005    40509.8     154401
      0.66     117992     772005    40509.8     154401
      0.67     117992     772005    40509.8     154401
      0.68     117992     772005    40509.8     154401
      0.69     117992     772005    40509.8     154401
       0.7     117992     772005    40509.8     154401
      0.71     117992     772005    40509.8     154401
      0.72     117992     772005    40509.8     154401
      0.73    97529.7     772005      35024     154401
      0.74    97529.7     772005      35024     154401
      0.75    97529.7     772005      35024     154401
      0.76    97529.7     772005      35024     154401
      0.77    97529.7     772005      35024     154401
      0.78    97529.7     772005      35024     154401
      0.79    97529.7     772005      35024     154401
       0.8    97529.7     772005      35024     154401
      0.81    97529.7     772005      35024     154401
      0.82    97529.7     772005      35024     154401
      0.83    97529.7     772005      35024     154401
      0.84    97529.7     772005      35024     154401
      0.85    97529.7     772005      35024     154401
      0.86    97529.7     772005      35024     154401
      0.87    97529.7     772005      35024     154401
      0.88    97529.7     772005      35024     154401
      0.89    97529.7     772005      35024     154401
       0.9    97529.7     772005      35024     154401
      0.91    97529.7     772005      35024     154401
      0.92    97529.7     772005      35024     154401
      0.93    97529.7     772005      35024     154401
      0.94    97529.7     772005      35024     154401
      0.95    97529.7     772005      35024     154401
      0.96    97529.7     772005      35024     154401
      0.97    97529.7     772005      35024     154401
      0.98    97529.7     772005      35024     154401
      0.99    97529.7     772005      35024     154401
