      0.01      13636      15852       5026       9663
      0.02      12383      15852       4158       6701
      0.03      11916      15852       3775       5724
      0.04      11217      15852       3429       4942
      0.05      11081      15852       3340       4606
      0.06      10351      15852       3146       4295
      0.07      10150      15852       3044       3979
      0.08       9843      15852       2904       3691
      0.09       9714      15852       2840       3563
       0.1       8378      15852       2449       3034
      0.11       8236      15852       2412       2981
      0.12       8211      15852       2384       2942
      0.13       8205      15852       2384       2942
      0.14       7747      15852       2236       2725
      0.15       6611      15852       1977       2411
      0.16       6584      15852       1959       2394
      0.17       6568      15852       1941       2374
      0.18       6506      15852       1923       2356
      0.19       6402      15852       1863       2282
       0.2       6395      15852       1860       2278
      0.21       6211      15852       1768       2108
      0.22       6189      15852       1758       2094
      0.23       6079      15852       1736       2068
      0.24       6079      15852       1735       2064
      0.25       6064      15852       1721       2042
      0.26       6065      15852       1720       2042
      0.27       6066      15852       1721       2042
      0.28       6038      15852       1710       1998
      0.29       6040      15852       1710       1998
       0.3       6037      15852       1710       1963
      0.31       6034      15852       1710       1963
      0.32       5238      15852       1500       1735
      0.33       5240      15852       1499       1735
      0.34       5238      15852       1500       1735
      0.35       5240      15852       1499       1735
      0.36       5240      15852       1500       1735
      0.37       5237      15852       1499       1735
      0.38       5239      15852       1500       1735
      0.39       5237      15852       1500       1735
       0.4       3393      15852       1085       1312
      0.41       3395      15852       1085       1312
      0.42       3394      15852       1084       1312
      0.43       3391      15852       1083       1312
      0.44       3398      15852       1085       1312
      0.45       3395      15852       1084       1312
      0.46       3397      15852       1085       1312
      0.47       3395      15852       1083       1312
      0.48       3394      15852       1084       1312
      0.49       3393      15852       1084       1312
       0.5       3395      15852       1084       1312
      0.51       3394      15852       1084       1312
      0.52       3396      15852       1085       1312
      0.53       2360      15852        851       1065
      0.54       2361      15852        850       1065
      0.55       2361      15852        851       1065
      0.56       2355      15852        850       1065
      0.57       1903      15852        650        756
      0.58       1901      15852        651        756
      0.59       1902      15852        652        756
       0.6        978      15852        269        333
      0.61        980      15852        269        333
      0.62        979      15852        269        333
      0.63        980      15852        269        333
      0.64        978      15852        269        333
      0.65        974      15852        269        333
      0.66        979      15852        269        333
      0.67        978      15852        269        333
      0.68        977      15852        269        333
      0.69        980      15852        269        333
       0.7        980      15852        269        333
      0.71        975      15852        269        333
      0.72        978      15852        269        333
      0.73          0      15852          0          0
      0.74          0      15852          0          0
      0.75          0      15852          0          0
      0.76          0      15852          0          0
      0.77          0      15852          0          0
      0.78          0      15852          0          0
      0.79          0      15852          0          0
       0.8          0      15852          0          0
      0.81          0      15852          0          0
      0.82          0      15852          0          0
      0.83          0      15852          0          0
      0.84          0      15852          0          0
      0.85          0      15852          0          0
      0.86          0      15852          0          0
      0.87          0      15852          0          0
      0.88          0      15852          0          0
      0.89          0      15852          0          0
       0.9          0      15852          0          0
      0.91          0      15852          0          0
      0.92          0      15852          0          0
      0.93          0      15852          0          0
      0.94          0      15852          0          0
      0.95          0      15852          0          0
      0.96          0      15852          0          0
      0.97          0      15852          0          0
      0.98          0      15852          0          0
      0.99          0      15852          0          0
