      0.01      17511      18940       6914      11372
      0.02      15018      18940       5039       6176
      0.03      12612      18940       3803       4459
      0.04      11184      18940       3015       3416
      0.05       9015      18940       2324       2621
      0.06       8468      18940       2155       2363
      0.07       8299      18940       2079       2283
      0.08       7853      18940       1940       2140
      0.09       7848      18940       1940       2140
       0.1       6446      18940       1516       1682
      0.11       6435      18940       1510       1676
      0.12       6020      18940       1389       1553
      0.13       5482      18940       1239       1403
      0.14       3645      18940        797        961
      0.15       3644      18940        797        961
      0.16       3644      18940        797        961
      0.17       3644      18940        797        961
      0.18       3644      18940        797        961
      0.19       3642      18940        797        961
       0.2          0      18940          0          0
      0.21          0      18940          0          0
      0.22          0      18940          0          0
      0.23          0      18940          0          0
      0.24          0      18940          0          0
      0.25          0      18940          0          0
      0.26          0      18940          0          0
      0.27          0      18940          0          0
      0.28          0      18940          0          0
      0.29          0      18940          0          0
       0.3          0      18940          0          0
      0.31          0      18940          0          0
      0.32          0      18940          0          0
      0.33          0      18940          0          0
      0.34          0      18940          0          0
      0.35          0      18940          0          0
      0.36          0      18940          0          0
      0.37          0      18940          0          0
      0.38          0      18940          0          0
      0.39          0      18940          0          0
       0.4          0      18940          0          0
      0.41          0      18940          0          0
      0.42          0      18940          0          0
      0.43          0      18940          0          0
      0.44          0      18940          0          0
      0.45          0      18940          0          0
      0.46          0      18940          0          0
      0.47          0      18940          0          0
      0.48          0      18940          0          0
      0.49          0      18940          0          0
       0.5          0      18940          0          0
      0.51          0      18940          0          0
      0.52          0      18940          0          0
      0.53          0      18940          0          0
      0.54          0      18940          0          0
      0.55          0      18940          0          0
      0.56          0      18940          0          0
      0.57          0      18940          0          0
      0.58          0      18940          0          0
      0.59          0      18940          0          0
       0.6          0      18940          0          0
      0.61          0      18940          0          0
      0.62          0      18940          0          0
      0.63          0      18940          0          0
      0.64          0      18940          0          0
      0.65          0      18940          0          0
      0.66          0      18940          0          0
      0.67          0      18940          0          0
      0.68          0      18940          0          0
      0.69          0      18940          0          0
       0.7          0      18940          0          0
      0.71          0      18940          0          0
      0.72          0      18940          0          0
      0.73          0      18940          0          0
      0.74          0      18940          0          0
      0.75          0      18940          0          0
      0.76          0      18940          0          0
      0.77          0      18940          0          0
      0.78          0      18940          0          0
      0.79          0      18940          0          0
       0.8          0      18940          0          0
      0.81          0      18940          0          0
      0.82          0      18940          0          0
      0.83          0      18940          0          0
      0.84          0      18940          0          0
      0.85          0      18940          0          0
      0.86          0      18940          0          0
      0.87          0      18940          0          0
      0.88          0      18940          0          0
      0.89          0      18940          0          0
       0.9          0      18940          0          0
      0.91          0      18940          0          0
      0.92          0      18940          0          0
      0.93          0      18940          0          0
      0.94          0      18940          0          0
      0.95          0      18940          0          0
      0.96          0      18940          0          0
      0.97          0      18940          0          0
      0.98          0      18940          0          0
      0.99          0      18940          0          0
