      0.01   0.872095     3.9218
      0.02   0.903516    2.44863
      0.03   0.903528    2.09778
      0.04   0.916368    1.74399
      0.05   0.902363    1.73168
      0.06   0.898484    1.71077
      0.07   0.897865    1.70504
      0.08   0.876317     1.8523
      0.09   0.876317     1.8523
       0.1   0.789298    1.99397
      0.11   0.789299    1.99265
      0.12   0.784482     1.9888
      0.13   0.774563     2.0142
      0.14   0.554715     2.5159
      0.15   0.554715     2.5159
      0.16   0.554715     2.5159
      0.17   0.554715     2.5159
      0.18   0.554715     2.5159
      0.19   0.554715     2.5159
       0.2   0.160968    3.04651
      0.21   0.160968    3.04651
      0.22   0.160968    3.04651
      0.23   0.160968    3.04651
      0.24   0.160968    3.04651
      0.25   0.160968    3.04651
      0.26   0.160968    3.04651
      0.27   0.160968    3.04651
      0.28   0.160968    3.04651
      0.29   0.160968    3.04651
       0.3   0.160968    3.04651
      0.31   0.160968    3.04651
      0.32   0.160968    3.04651
      0.33   0.160968    3.04651
      0.34   0.160968    3.04651
      0.35   0.160968    3.04651
      0.36   0.160968    3.04651
      0.37   0.160968    3.04651
      0.38   0.160968    3.04651
      0.39   0.160968    3.04651
       0.4   0.160968    3.04651
      0.41   0.160968    3.04651
      0.42   0.160968    3.04651
      0.43   0.160968    3.04651
      0.44   0.160968    3.04651
      0.45   0.160968    3.04651
      0.46   0.160968    3.04651
      0.47   0.160968    3.04651
      0.48   0.160968    3.04651
      0.49   0.160968    3.04651
       0.5   0.160968    3.04651
      0.51   0.160968    3.04651
      0.52   0.160968    3.04651
      0.53   0.160968    3.04651
      0.54   0.160968    3.04651
      0.55   0.160968    3.04651
      0.56   0.160968    3.04651
      0.57   0.160968    3.04651
      0.58   0.160968    3.04651
      0.59   0.160968    3.04651
       0.6   0.160968    3.04651
      0.61   0.160968    3.04651
      0.62   0.160968    3.04651
      0.63   0.160968    3.04651
      0.64   0.160968    3.04651
      0.65   0.160968    3.04651
      0.66   0.160968    3.04651
      0.67   0.160968    3.04651
      0.68   0.160968    3.04651
      0.69   0.160968    3.04651
       0.7   0.160968    3.04651
      0.71   0.160968    3.04651
      0.72   0.160968    3.04651
      0.73   0.160968    3.04651
      0.74   0.160968    3.04651
      0.75   0.160968    3.04651
      0.76   0.160968    3.04651
      0.77   0.160968    3.04651
      0.78   0.160968    3.04651
      0.79   0.160968    3.04651
       0.8   0.160968    3.04651
      0.81   0.160968    3.04651
      0.82   0.160968    3.04651
      0.83   0.160968    3.04651
      0.84   0.160968    3.04651
      0.85   0.160968    3.04651
      0.86   0.160968    3.04651
      0.87   0.160968    3.04651
      0.88   0.160968    3.04651
      0.89   0.160968    3.04651
       0.9   0.160968    3.04651
      0.91   0.160968    3.04651
      0.92   0.160968    3.04651
      0.93   0.160968    3.04651
      0.94   0.160968    3.04651
      0.95   0.160968    3.04651
      0.96   0.160968    3.04651
      0.97   0.160968    3.04651
      0.98   0.160968    3.04651
      0.99   0.160968    3.04651
