      0.01     289285     772005    52741.1     154401
      0.02     426456     772005    97056.7     154401
      0.03     427164     772005     104166     154401
      0.04     475969     772005     116548     154401
      0.05     460717     772005     112615     154401
      0.06     444213     772005     109755     154401
      0.07     442090     772005     109327     154401
      0.08     429654     772005     105062     154401
      0.09     429654     772005     105062     154401
       0.1     391397     772005    98934.4     154401
      0.11     391438     772005    98981.9     154401
      0.12     391152     772005    99496.3     154401
      0.13     385297     772005    98654.6     154401
      0.14     278451     772005    83697.4     154401
      0.15     278451     772005    83697.4     154401
      0.16     278451     772005    83697.4     154401
      0.17     278451     772005    83697.4     154401
      0.18     278451     772005    83697.4     154401
      0.19     278451     772005    83697.4     154401
       0.2     124272     772005      50457     154401
      0.21     124272     772005      50457     154401
      0.22     124272     772005      50457     154401
      0.23     124272     772005      50457     154401
      0.24     124272     772005      50457     154401
      0.25     124272     772005      50457     154401
      0.26     124272     772005      50457     154401
      0.27     124272     772005      50457     154401
      0.28     124272     772005      50457     154401
      0.29     124272     772005      50457     154401
       0.3     124272     772005      50457     154401
      0.31     124272     772005      50457     154401
      0.32     124272     772005      50457     154401
      0.33     124272     772005      50457     154401
      0.34     124272     772005      50457     154401
      0.35     124272     772005      50457     154401
      0.36     124272     772005      50457     154401
      0.37     124272     772005      50457     154401
      0.38     124272     772005      50457     154401
      0.39     124272     772005      50457     154401
       0.4     124272     772005      50457     154401
      0.41     124272     772005      50457     154401
      0.42     124272     772005      50457     154401
      0.43     124272     772005      50457     154401
      0.44     124272     772005      50457     154401
      0.45     124272     772005      50457     154401
      0.46     124272     772005      50457     154401
      0.47     124272     772005      50457     154401
      0.48     124272     772005      50457     154401
      0.49     124272     772005      50457     154401
       0.5     124272     772005      50457     154401
      0.51     124272     772005      50457     154401
      0.52     124272     772005      50457     154401
      0.53     124272     772005      50457     154401
      0.54     124272     772005      50457     154401
      0.55     124272     772005      50457     154401
      0.56     124272     772005      50457     154401
      0.57     124272     772005      50457     154401
      0.58     124272     772005      50457     154401
      0.59     124272     772005      50457     154401
       0.6     124272     772005      50457     154401
      0.61     124272     772005      50457     154401
      0.62     124272     772005      50457     154401
      0.63     124272     772005      50457     154401
      0.64     124272     772005      50457     154401
      0.65     124272     772005      50457     154401
      0.66     124272     772005      50457     154401
      0.67     124272     772005      50457     154401
      0.68     124272     772005      50457     154401
      0.69     124272     772005      50457     154401
       0.7     124272     772005      50457     154401
      0.71     124272     772005      50457     154401
      0.72     124272     772005      50457     154401
      0.73     124272     772005      50457     154401
      0.74     124272     772005      50457     154401
      0.75     124272     772005      50457     154401
      0.76     124272     772005      50457     154401
      0.77     124272     772005      50457     154401
      0.78     124272     772005      50457     154401
      0.79     124272     772005      50457     154401
       0.8     124272     772005      50457     154401
      0.81     124272     772005      50457     154401
      0.82     124272     772005      50457     154401
      0.83     124272     772005      50457     154401
      0.84     124272     772005      50457     154401
      0.85     124272     772005      50457     154401
      0.86     124272     772005      50457     154401
      0.87     124272     772005      50457     154401
      0.88     124272     772005      50457     154401
      0.89     124272     772005      50457     154401
       0.9     124272     772005      50457     154401
      0.91     124272     772005      50457     154401
      0.92     124272     772005      50457     154401
      0.93     124272     772005      50457     154401
      0.94     124272     772005      50457     154401
      0.95     124272     772005      50457     154401
      0.96     124272     772005      50457     154401
      0.97     124272     772005      50457     154401
      0.98     124272     772005      50457     154401
      0.99     124272     772005      50457     154401
