      0.01    81927.4     772005    18150.7     154401
      0.02     220681     772005    47524.2     154401
      0.03     242500     772005    65036.8     154401
      0.04     295527     772005    80934.4     154401
      0.05     294286     772005    90611.3     154401
      0.06     294360     772005    90705.5     154401
      0.07     294186     772005    90827.1     154401
      0.08     295025     772005    91481.3     154401
      0.09     295445     772005    91706.2     154401
       0.1     348293     772005     128972     154401
      0.11     348293     772005     128972     154401
      0.12     348293     772005     128972     154401
      0.13     347740     772005     128917     154401
      0.14     347740     772005     128917     154401
      0.15     347750     772005     128932     154401
      0.16     347750     772005     128932     154401
      0.17     347750     772005     128932     154401
      0.18     347750     772005     128932     154401
      0.19     347750     772005     128932     154401
       0.2     347750     772005     128932     154401
      0.21     347750     772005     128932     154401
      0.22     347750     772005     128932     154401
      0.23     347750     772005     128932     154401
      0.24     347750     772005     128932     154401
      0.25     347750     772005     128932     154401
      0.26     347750     772005     128932     154401
      0.27     347750     772005     128932     154401
      0.28     347750     772005     128932     154401
      0.29     347750     772005     128932     154401
       0.3     347750     772005     128932     154401
      0.31     347750     772005     128932     154401
      0.32     347750     772005     128932     154401
      0.33     347750     772005     128932     154401
      0.34     346627     772005     128653     154401
      0.35     346627     772005     128653     154401
      0.36     346627     772005     128653     154401
      0.37     346627     772005     128653     154401
      0.38     346627     772005     128653     154401
      0.39     346627     772005     128653     154401
       0.4     346627     772005     128653     154401
      0.41     346627     772005     128653     154401
      0.42     346627     772005     128653     154401
      0.43     346627     772005     128653     154401
      0.44     346627     772005     128653     154401
      0.45     346627     772005     128653     154401
      0.46     346627     772005     128653     154401
      0.47     346627     772005     128653     154401
      0.48     346627     772005     128653     154401
      0.49     346627     772005     128653     154401
       0.5     346627     772005     128653     154401
      0.51     346627     772005     128653     154401
      0.52     346627     772005     128653     154401
      0.53     346627     772005     128653     154401
      0.54     346627     772005     128653     154401
      0.55     346627     772005     128653     154401
      0.56     346627     772005     128653     154401
      0.57     346627     772005     128653     154401
      0.58     346627     772005     128653     154401
      0.59     346627     772005     128653     154401
       0.6     346627     772005     128653     154401
      0.61     346627     772005     128653     154401
      0.62     346627     772005     128653     154401
      0.63     346627     772005     128653     154401
      0.64     346627     772005     128653     154401
      0.65     346627     772005     128653     154401
      0.66     346627     772005     128653     154401
      0.67     346627     772005     128653     154401
      0.68     346627     772005     128653     154401
      0.69     346627     772005     128653     154401
       0.7     346627     772005     128653     154401
      0.71     346627     772005     128653     154401
      0.72     346627     772005     128653     154401
      0.73     346627     772005     128653     154401
      0.74     346627     772005     128653     154401
      0.75     346627     772005     128653     154401
      0.76     346627     772005     128653     154401
      0.77     346627     772005     128653     154401
      0.78     346627     772005     128653     154401
      0.79     346627     772005     128653     154401
       0.8     346627     772005     128653     154401
      0.81     346627     772005     128653     154401
      0.82     346627     772005     128653     154401
      0.83     346627     772005     128653     154401
      0.84     346627     772005     128653     154401
      0.85     346627     772005     128653     154401
      0.86     346627     772005     128653     154401
      0.87     346627     772005     128653     154401
      0.88     346627     772005     128653     154401
      0.89     346627     772005     128653     154401
       0.9     346627     772005     128653     154401
      0.91     346627     772005     128653     154401
      0.92     346627     772005     128653     154401
      0.93     346627     772005     128653     154401
      0.94     346627     772005     128653     154401
      0.95     346627     772005     128653     154401
      0.96     346627     772005     128653     154401
      0.97     346627     772005     128653     154401
      0.98     346627     772005     128653     154401
      0.99     346627     772005     128653     154401
