      0.01      12343      14622       5347      17766
      0.02       9833      14622       3746       7753
      0.03       5946      14622       1879       3266
      0.04       4786      14622       1432       1961
      0.05       3175      14622        931       1026
      0.06       3143      14622        917       1003
      0.07       3099      14622        879        963
      0.08       3055      14622        848        885
      0.09       2996      14622        828        838
       0.1        404      14622        167        167
      0.11        404      14622        167        167
      0.12        403      14622        167        167
      0.13        247      14622         93         93
      0.14        247      14622         93         93
      0.15        244      14622         90         90
      0.16        244      14622         90         90
      0.17        244      14622         90         90
      0.18        244      14622         90         90
      0.19        244      14622         90         90
       0.2        244      14622         90         90
      0.21        244      14622         90         90
      0.22        243      14622         89         90
      0.23        244      14622         90         90
      0.24        244      14622         90         90
      0.25        242      14622         90         90
      0.26        244      14622         90         90
      0.27        244      14622         90         90
      0.28        244      14622         90         90
      0.29        244      14622         90         90
       0.3        243      14622         90         90
      0.31        244      14622         90         90
      0.32        244      14622         90         90
      0.33        244      14622         90         90
      0.34          0      14622          0          0
      0.35          0      14622          0          0
      0.36          0      14622          0          0
      0.37          0      14622          0          0
      0.38          0      14622          0          0
      0.39          0      14622          0          0
       0.4          0      14622          0          0
      0.41          0      14622          0          0
      0.42          0      14622          0          0
      0.43          0      14622          0          0
      0.44          0      14622          0          0
      0.45          0      14622          0          0
      0.46          0      14622          0          0
      0.47          0      14622          0          0
      0.48          0      14622          0          0
      0.49          0      14622          0          0
       0.5          0      14622          0          0
      0.51          0      14622          0          0
      0.52          0      14622          0          0
      0.53          0      14622          0          0
      0.54          0      14622          0          0
      0.55          0      14622          0          0
      0.56          0      14622          0          0
      0.57          0      14622          0          0
      0.58          0      14622          0          0
      0.59          0      14622          0          0
       0.6          0      14622          0          0
      0.61          0      14622          0          0
      0.62          0      14622          0          0
      0.63          0      14622          0          0
      0.64          0      14622          0          0
      0.65          0      14622          0          0
      0.66          0      14622          0          0
      0.67          0      14622          0          0
      0.68          0      14622          0          0
      0.69          0      14622          0          0
       0.7          0      14622          0          0
      0.71          0      14622          0          0
      0.72          0      14622          0          0
      0.73          0      14622          0          0
      0.74          0      14622          0          0
      0.75          0      14622          0          0
      0.76          0      14622          0          0
      0.77          0      14622          0          0
      0.78          0      14622          0          0
      0.79          0      14622          0          0
       0.8          0      14622          0          0
      0.81          0      14622          0          0
      0.82          0      14622          0          0
      0.83          0      14622          0          0
      0.84          0      14622          0          0
      0.85          0      14622          0          0
      0.86          0      14622          0          0
      0.87          0      14622          0          0
      0.88          0      14622          0          0
      0.89          0      14622          0          0
       0.9          0      14622          0          0
      0.91          0      14622          0          0
      0.92          0      14622          0          0
      0.93          0      14622          0          0
      0.94          0      14622          0          0
      0.95          0      14622          0          0
      0.96          0      14622          0          0
      0.97          0      14622          0          0
      0.98          0      14622          0          0
      0.99          0      14622          0          0
