      0.01   0.555882    7.03869
      0.02   0.585617    4.20018
      0.03   0.593721    2.88945
      0.04   0.608612    2.36273
      0.05   0.546215    2.12187
      0.06   0.546216     2.1204
      0.07   0.544289    2.10542
      0.08   0.544509    2.07843
      0.09   0.544436    2.06887
       0.1   0.456093    1.87526
      0.11   0.456093    1.87526
      0.12   0.456093    1.87526
      0.13   0.453639     1.8704
      0.14   0.453639     1.8704
      0.15    0.45364    1.86996
      0.16    0.45364    1.86996
      0.17    0.45364    1.86996
      0.18    0.45364    1.86996
      0.19    0.45364    1.86996
       0.2    0.45364    1.86996
      0.21    0.45364    1.86996
      0.22    0.45364    1.86996
      0.23    0.45364    1.86996
      0.24    0.45364    1.86996
      0.25    0.45364    1.86996
      0.26    0.45364    1.86996
      0.27    0.45364    1.86996
      0.28    0.45364    1.86996
      0.29    0.45364    1.86996
       0.3    0.45364    1.86996
      0.31    0.45364    1.86996
      0.32    0.45364    1.86996
      0.33    0.45364    1.86996
      0.34   0.448992    1.86411
      0.35   0.448992    1.86411
      0.36   0.448992    1.86411
      0.37   0.448992    1.86411
      0.38   0.448992    1.86411
      0.39   0.448992    1.86411
       0.4   0.448992    1.86411
      0.41   0.448992    1.86411
      0.42   0.448992    1.86411
      0.43   0.448992    1.86411
      0.44   0.448992    1.86411
      0.45   0.448992    1.86411
      0.46   0.448992    1.86411
      0.47   0.448992    1.86411
      0.48   0.448992    1.86411
      0.49   0.448992    1.86411
       0.5   0.448992    1.86411
      0.51   0.448992    1.86411
      0.52   0.448992    1.86411
      0.53   0.448992    1.86411
      0.54   0.448992    1.86411
      0.55   0.448992    1.86411
      0.56   0.448992    1.86411
      0.57   0.448992    1.86411
      0.58   0.448992    1.86411
      0.59   0.448992    1.86411
       0.6   0.448992    1.86411
      0.61   0.448992    1.86411
      0.62   0.448992    1.86411
      0.63   0.448992    1.86411
      0.64   0.448992    1.86411
      0.65   0.448992    1.86411
      0.66   0.448992    1.86411
      0.67   0.448992    1.86411
      0.68   0.448992    1.86411
      0.69   0.448992    1.86411
       0.7   0.448992    1.86411
      0.71   0.448992    1.86411
      0.72   0.448992    1.86411
      0.73   0.448992    1.86411
      0.74   0.448992    1.86411
      0.75   0.448992    1.86411
      0.76   0.448992    1.86411
      0.77   0.448992    1.86411
      0.78   0.448992    1.86411
      0.79   0.448992    1.86411
       0.8   0.448992    1.86411
      0.81   0.448992    1.86411
      0.82   0.448992    1.86411
      0.83   0.448992    1.86411
      0.84   0.448992    1.86411
      0.85   0.448992    1.86411
      0.86   0.448992    1.86411
      0.87   0.448992    1.86411
      0.88   0.448992    1.86411
      0.89   0.448992    1.86411
       0.9   0.448992    1.86411
      0.91   0.448992    1.86411
      0.92   0.448992    1.86411
      0.93   0.448992    1.86411
      0.94   0.448992    1.86411
      0.95   0.448992    1.86411
      0.96   0.448992    1.86411
      0.97   0.448992    1.86411
      0.98   0.448992    1.86411
      0.99   0.448992    1.86411
