      0.01     153072     772005    25327.2     154401
      0.02     250354     772005    54057.1     154401
      0.03     284580     772005    69562.3     154401
      0.04     304646     772005    79401.3     154401
      0.05     330376     772005    87163.9     154401
      0.06     311179     772005    85346.2     154401
      0.07     358463     772005    94321.3     154401
      0.08     360982     772005    96284.9     154401
      0.09     360919     772005    96289.5     154401
       0.1     360836     772005    96379.4     154401
      0.11     373160     772005     103863     154401
      0.12     352287     772005     117079     154401
      0.13     352287     772005     117079     154401
      0.14     352281     772005     122191     154401
      0.15     352281     772005     122191     154401
      0.16     347715     772005     144133     154401
      0.17     347715     772005     144133     154401
      0.18     347951     772005     144320     154401
      0.19     347951     772005     144320     154401
       0.2     347951     772005     144320     154401
      0.21     347951     772005     144320     154401
      0.22     347951     772005     144320     154401
      0.23     293430     772005     136754     154401
      0.24     293430     772005     136754     154401
      0.25     293430     772005     136754     154401
      0.26     293430     772005     136754     154401
      0.27     293430     772005     136754     154401
      0.28     293430     772005     136754     154401
      0.29     293430     772005     136754     154401
       0.3     293430     772005     136754     154401
      0.31     293430     772005     136754     154401
      0.32     293430     772005     136754     154401
      0.33     293430     772005     136754     154401
      0.34     293430     772005     136754     154401
      0.35     293430     772005     136754     154401
      0.36     293430     772005     136754     154401
      0.37     293430     772005     136754     154401
      0.38     293430     772005     136754     154401
      0.39     293430     772005     136754     154401
       0.4     293430     772005     136754     154401
      0.41     293430     772005     136754     154401
      0.42     293430     772005     136754     154401
      0.43     293430     772005     136754     154401
      0.44     293430     772005     136754     154401
      0.45     293430     772005     136754     154401
      0.46     293430     772005     136754     154401
      0.47     293430     772005     136754     154401
      0.48     293430     772005     136754     154401
      0.49     293430     772005     136754     154401
       0.5     293430     772005     136754     154401
      0.51     293430     772005     136754     154401
      0.52     293430     772005     136754     154401
      0.53     293430     772005     136754     154401
      0.54     293430     772005     136754     154401
      0.55     293430     772005     136754     154401
      0.56     293430     772005     136754     154401
      0.57     293430     772005     136754     154401
      0.58     293430     772005     136754     154401
      0.59     293430     772005     136754     154401
       0.6     293430     772005     136754     154401
      0.61     293430     772005     136754     154401
      0.62     293430     772005     136754     154401
      0.63     293430     772005     136754     154401
      0.64     293430     772005     136754     154401
      0.65     293430     772005     136754     154401
      0.66     293430     772005     136754     154401
      0.67     293430     772005     136754     154401
      0.68     293430     772005     136754     154401
      0.69     293430     772005     136754     154401
       0.7     293430     772005     136754     154401
      0.71     293430     772005     136754     154401
      0.72     293430     772005     136754     154401
      0.73     293430     772005     136754     154401
      0.74     293430     772005     136754     154401
      0.75     293430     772005     136754     154401
      0.76     293430     772005     136754     154401
      0.77     293430     772005     136754     154401
      0.78     293430     772005     136754     154401
      0.79     293430     772005     136754     154401
       0.8     293430     772005     136754     154401
      0.81     293430     772005     136754     154401
      0.82     293430     772005     136754     154401
      0.83     293430     772005     136754     154401
      0.84     293430     772005     136754     154401
      0.85     293430     772005     136754     154401
      0.86     293430     772005     136754     154401
      0.87     293430     772005     136754     154401
      0.88     293430     772005     136754     154401
      0.89     293430     772005     136754     154401
       0.9     293430     772005     136754     154401
      0.91     293430     772005     136754     154401
      0.92     293430     772005     136754     154401
      0.93     293430     772005     136754     154401
      0.94     293430     772005     136754     154401
      0.95     293430     772005     136754     154401
      0.96     293430     772005     136754     154401
      0.97     293430     772005     136754     154401
      0.98     293430     772005     136754     154401
      0.99     293430     772005     136754     154401
