      0.01      10234      10682       4423      14659
      0.02       9133      10682       3523       7971
      0.03       7690      10682       2741       5194
      0.04       7319      10682       2470       3764
      0.05       6490      10682       1953       2759
      0.06       5879      10682       1751       2429
      0.07       5077      10682       1511       1962
      0.08       4951      10682       1467       1743
      0.09       4894      10682       1456       1731
       0.1       4832      10682       1430       1706
      0.11       3954      10682       1035       1279
      0.12       3622      10682        921       1129
      0.13       3623      10682        922       1129
      0.14       3280      10682        796        984
      0.15       3280      10682        796        984
      0.16       2004      10682        492        552
      0.17       2006      10682        492        552
      0.18       2007      10682        492        518
      0.19       2007      10682        492        518
       0.2       2008      10682        492        518
      0.21       2008      10682        492        518
      0.22       2006      10682        492        518
      0.23          0      10682          0          0
      0.24          0      10682          0          0
      0.25          0      10682          0          0
      0.26          0      10682          0          0
      0.27          0      10682          0          0
      0.28          0      10682          0          0
      0.29          0      10682          0          0
       0.3          0      10682          0          0
      0.31          0      10682          0          0
      0.32          0      10682          0          0
      0.33          0      10682          0          0
      0.34          0      10682          0          0
      0.35          0      10682          0          0
      0.36          0      10682          0          0
      0.37          0      10682          0          0
      0.38          0      10682          0          0
      0.39          0      10682          0          0
       0.4          0      10682          0          0
      0.41          0      10682          0          0
      0.42          0      10682          0          0
      0.43          0      10682          0          0
      0.44          0      10682          0          0
      0.45          0      10682          0          0
      0.46          0      10682          0          0
      0.47          0      10682          0          0
      0.48          0      10682          0          0
      0.49          0      10682          0          0
       0.5          0      10682          0          0
      0.51          0      10682          0          0
      0.52          0      10682          0          0
      0.53          0      10682          0          0
      0.54          0      10682          0          0
      0.55          0      10682          0          0
      0.56          0      10682          0          0
      0.57          0      10682          0          0
      0.58          0      10682          0          0
      0.59          0      10682          0          0
       0.6          0      10682          0          0
      0.61          0      10682          0          0
      0.62          0      10682          0          0
      0.63          0      10682          0          0
      0.64          0      10682          0          0
      0.65          0      10682          0          0
      0.66          0      10682          0          0
      0.67          0      10682          0          0
      0.68          0      10682          0          0
      0.69          0      10682          0          0
       0.7          0      10682          0          0
      0.71          0      10682          0          0
      0.72          0      10682          0          0
      0.73          0      10682          0          0
      0.74          0      10682          0          0
      0.75          0      10682          0          0
      0.76          0      10682          0          0
      0.77          0      10682          0          0
      0.78          0      10682          0          0
      0.79          0      10682          0          0
       0.8          0      10682          0          0
      0.81          0      10682          0          0
      0.82          0      10682          0          0
      0.83          0      10682          0          0
      0.84          0      10682          0          0
      0.85          0      10682          0          0
      0.86          0      10682          0          0
      0.87          0      10682          0          0
      0.88          0      10682          0          0
      0.89          0      10682          0          0
       0.9          0      10682          0          0
      0.91          0      10682          0          0
      0.92          0      10682          0          0
      0.93          0      10682          0          0
      0.94          0      10682          0          0
      0.95          0      10682          0          0
      0.96          0      10682          0          0
      0.97          0      10682          0          0
      0.98          0      10682          0          0
      0.99          0      10682          0          0
