      0.01      19959      20974       6041      11144
      0.02      17873      20974       4899       6695
      0.03      15277      20974       3938       4619
      0.04      12674      20974       3229       3496
      0.05      11581      20974       2796       2965
      0.06      11418      20974       2753       2901
      0.07      10150      20974       2451       2580
      0.08       9564      20974       2287       2414
      0.09       8895      20974       1999       2038
       0.1       8879      20974       1987       2015
      0.11       8811      20974       1971       1999
      0.12       8662      20974       1941       1969
      0.13       8664      20974       1941       1969
      0.14       8663      20974       1941       1969
      0.15       8306      20974       1868       1896
      0.16       8310      20974       1868       1896
      0.17       8305      20974       1868       1896
      0.18       7362      20974       1658       1686
      0.19       7365      20974       1658       1686
       0.2       7360      20974       1657       1686
      0.21       7367      20974       1658       1686
      0.22       5985      20974       1371       1399
      0.23       5985      20974       1371       1399
      0.24       5985      20974       1371       1399
      0.25       5979      20974       1370       1398
      0.26       5982      20974       1370       1398
      0.27       5979      20974       1370       1398
      0.28       5981      20974       1370       1398
      0.29       5979      20974       1370       1398
       0.3       5979      20974       1370       1398
      0.31       5978      20974       1370       1398
      0.32       1633      20974        358        358
      0.33       1635      20974        358        358
      0.34       1636      20974        358        358
      0.35       1634      20974        358        358
      0.36       1634      20974        358        358
      0.37       1635      20974        358        358
      0.38       1635      20974        358        358
      0.39       1635      20974        358        358
       0.4       1635      20974        358        358
      0.41       1635      20974        358        358
      0.42       1635      20974        358        358
      0.43       1632      20974        358        358
      0.44       1635      20974        358        358
      0.45       1633      20974        358        358
      0.46       1633      20974        358        358
      0.47       1636      20974        358        358
      0.48       1634      20974        358        358
      0.49       1634      20974        358        358
       0.5       1632      20974        358        358
      0.51       1635      20974        358        358
      0.52       1635      20974        358        358
      0.53       1637      20974        358        358
      0.54       1634      20974        358        358
      0.55       1636      20974        358        358
      0.56       1634      20974        358        358
      0.57       1633      20974        358        358
      0.58       1636      20974        358        358
      0.59       1636      20974        358        358
       0.6       1636      20974        358        358
      0.61       1635      20974        358        358
      0.62       1636      20974        358        358
      0.63       1635      20974        358        358
      0.64       1637      20974        358        358
      0.65       1637      20974        358        358
      0.66       1630      20974        358        358
      0.67       1635      20974        358        358
      0.68       1635      20974        358        358
      0.69       1637      20974        358        358
       0.7       1633      20974        358        358
      0.71       1634      20974        358        358
      0.72       1634      20974        358        358
      0.73       1634      20974        358        358
      0.74       1635      20974        358        358
      0.75       1635      20974        358        358
      0.76          0      20974          0          0
      0.77          0      20974          0          0
      0.78          0      20974          0          0
      0.79          0      20974          0          0
       0.8          0      20974          0          0
      0.81          0      20974          0          0
      0.82          0      20974          0          0
      0.83          0      20974          0          0
      0.84          0      20974          0          0
      0.85          0      20974          0          0
      0.86          0      20974          0          0
      0.87          0      20974          0          0
      0.88          0      20974          0          0
      0.89          0      20974          0          0
       0.9          0      20974          0          0
      0.91          0      20974          0          0
      0.92          0      20974          0          0
      0.93          0      20974          0          0
      0.94          0      20974          0          0
      0.95          0      20974          0          0
      0.96          0      20974          0          0
      0.97          0      20974          0          0
      0.98          0      20974          0          0
      0.99          0      20974          0          0
