      0.01   0.714236    4.51149
      0.02   0.789245    2.76584
      0.03   0.808276    2.10532
      0.04   0.799242    2.06732
      0.05   0.790105    1.97573
      0.06   0.788896    1.97578
      0.07    0.78359    2.01976
      0.08   0.780081    2.00839
      0.09   0.842723    1.59139
       0.1   0.842029    1.59193
      0.11   0.842047    1.58869
      0.12    0.84135    1.59347
      0.13    0.84135    1.59347
      0.14    0.84135    1.59347
      0.15   0.839934    1.59855
      0.16   0.839934    1.59855
      0.17   0.839934    1.59855
      0.18   0.835334    1.63389
      0.19   0.835334    1.63389
       0.2   0.835334    1.63389
      0.21   0.835334    1.63389
      0.22   0.791906    1.84514
      0.23   0.791906    1.84514
      0.24   0.791906    1.84514
      0.25   0.791908    1.84491
      0.26   0.791908    1.84491
      0.27   0.791908    1.84491
      0.28   0.791908    1.84491
      0.29   0.791908    1.84491
       0.3   0.791908    1.84491
      0.31   0.791908    1.84491
      0.32   0.416219    2.31867
      0.33   0.416219    2.31867
      0.34   0.416219    2.31867
      0.35   0.416219    2.31867
      0.36   0.416219    2.31867
      0.37   0.416219    2.31867
      0.38   0.416219    2.31867
      0.39   0.416219    2.31867
       0.4   0.416219    2.31867
      0.41   0.416219    2.31867
      0.42   0.416219    2.31867
      0.43   0.416219    2.31867
      0.44   0.416219    2.31867
      0.45   0.416219    2.31867
      0.46   0.416219    2.31867
      0.47   0.416219    2.31867
      0.48   0.416219    2.31867
      0.49   0.416219    2.31867
       0.5   0.416219    2.31867
      0.51   0.416219    2.31867
      0.52   0.416219    2.31867
      0.53   0.416219    2.31867
      0.54   0.416219    2.31867
      0.55   0.416219    2.31867
      0.56   0.416219    2.31867
      0.57   0.416219    2.31867
      0.58   0.416219    2.31867
      0.59   0.416219    2.31867
       0.6   0.416219    2.31867
      0.61   0.416219    2.31867
      0.62   0.416219    2.31867
      0.63   0.416219    2.31867
      0.64   0.416219    2.31867
      0.65   0.416219    2.31867
      0.66   0.416219    2.31867
      0.67   0.416219    2.31867
      0.68   0.416219    2.31867
      0.69   0.416219    2.31867
       0.7   0.416219    2.31867
      0.71   0.416219    2.31867
      0.72   0.416219    2.31867
      0.73   0.416219    2.31867
      0.74   0.416219    2.31867
      0.75   0.416219    2.31867
      0.76   0.313267    2.52573
      0.77   0.313267    2.52573
      0.78   0.313267    2.52573
      0.79   0.313267    2.52573
       0.8   0.313267    2.52573
      0.81   0.313267    2.52573
      0.82   0.313267    2.52573
      0.83   0.313267    2.52573
      0.84   0.313267    2.52573
      0.85   0.313267    2.52573
      0.86   0.313267    2.52573
      0.87   0.313267    2.52573
      0.88   0.313267    2.52573
      0.89   0.313267    2.52573
       0.9   0.313267    2.52573
      0.91   0.313267    2.52573
      0.92   0.313267    2.52573
      0.93   0.313267    2.52573
      0.94   0.313267    2.52573
      0.95   0.313267    2.52573
      0.96   0.313267    2.52573
      0.97   0.313267    2.52573
      0.98   0.313267    2.52573
      0.99   0.313267    2.52573
