      0.01     206717     772005    38689.1     154401
      0.02     399446     772005    82596.8     154401
      0.03     457581     772005     110746     154401
      0.04     434718     772005     108027     154401
      0.05     428628     772005     116398     154401
      0.06     427148     772005     116484     154401
      0.07     413467     772005     115191     154401
      0.08     410511     772005     114318     154401
      0.09     497620     772005     130088     154401
       0.1     497019     772005     130264     154401
      0.11     497123     772005     130366     154401
      0.12     496508     772005     130251     154401
      0.13     496508     772005     130251     154401
      0.14     496508     772005     130251     154401
      0.15     495453     772005     129983     154401
      0.16     495453     772005     129983     154401
      0.17     495453     772005     129983     154401
      0.18     487875     772005     129546     154401
      0.19     487875     772005     129546     154401
       0.2     487875     772005     129546     154401
      0.21     487875     772005     129546     154401
      0.22     446762     772005     119602     154401
      0.23     446762     772005     119602     154401
      0.24     446762     772005     119602     154401
      0.25     446768     772005     119609     154401
      0.26     446768     772005     119609     154401
      0.27     446768     772005     119609     154401
      0.28     446768     772005     119609     154401
      0.29     446768     772005     119609     154401
       0.3     446768     772005     119609     154401
      0.31     446768     772005     119609     154401
      0.32     294391     772005    96514.7     154401
      0.33     294391     772005    96514.7     154401
      0.34     294391     772005    96514.7     154401
      0.35     294391     772005    96514.7     154401
      0.36     294391     772005    96514.7     154401
      0.37     294391     772005    96514.7     154401
      0.38     294391     772005    96514.7     154401
      0.39     294391     772005    96514.7     154401
       0.4     294391     772005    96514.7     154401
      0.41     294391     772005    96514.7     154401
      0.42     294391     772005    96514.7     154401
      0.43     294391     772005    96514.7     154401
      0.44     294391     772005    96514.7     154401
      0.45     294391     772005    96514.7     154401
      0.46     294391     772005    96514.7     154401
      0.47     294391     772005    96514.7     154401
      0.48     294391     772005    96514.7     154401
      0.49     294391     772005    96514.7     154401
       0.5     294391     772005    96514.7     154401
      0.51     294391     772005    96514.7     154401
      0.52     294391     772005    96514.7     154401
      0.53     294391     772005    96514.7     154401
      0.54     294391     772005    96514.7     154401
      0.55     294391     772005    96514.7     154401
      0.56     294391     772005    96514.7     154401
      0.57     294391     772005    96514.7     154401
      0.58     294391     772005    96514.7     154401
      0.59     294391     772005    96514.7     154401
       0.6     294391     772005    96514.7     154401
      0.61     294391     772005    96514.7     154401
      0.62     294391     772005    96514.7     154401
      0.63     294391     772005    96514.7     154401
      0.64     294391     772005    96514.7     154401
      0.65     294391     772005    96514.7     154401
      0.66     294391     772005    96514.7     154401
      0.67     294391     772005    96514.7     154401
      0.68     294391     772005    96514.7     154401
      0.69     294391     772005    96514.7     154401
       0.7     294391     772005    96514.7     154401
      0.71     294391     772005    96514.7     154401
      0.72     294391     772005    96514.7     154401
      0.73     294391     772005    96514.7     154401
      0.74     294391     772005    96514.7     154401
      0.75     294391     772005    96514.7     154401
      0.76     241847     772005      88127     154401
      0.77     241847     772005      88127     154401
      0.78     241847     772005      88127     154401
      0.79     241847     772005      88127     154401
       0.8     241847     772005      88127     154401
      0.81     241847     772005      88127     154401
      0.82     241847     772005      88127     154401
      0.83     241847     772005      88127     154401
      0.84     241847     772005      88127     154401
      0.85     241847     772005      88127     154401
      0.86     241847     772005      88127     154401
      0.87     241847     772005      88127     154401
      0.88     241847     772005      88127     154401
      0.89     241847     772005      88127     154401
       0.9     241847     772005      88127     154401
      0.91     241847     772005      88127     154401
      0.92     241847     772005      88127     154401
      0.93     241847     772005      88127     154401
      0.94     241847     772005      88127     154401
      0.95     241847     772005      88127     154401
      0.96     241847     772005      88127     154401
      0.97     241847     772005      88127     154401
      0.98     241847     772005      88127     154401
      0.99     241847     772005      88127     154401
