      0.01     327587     772005    61569.5     154401
      0.02     469813     772005     106674     154401
      0.03     524585     772005     125671     154401
      0.04     522283     772005     128762     154401
      0.05     528250     772005     133305     154401
      0.06     528368     772005     133690     154401
      0.07     538710     772005     139952     154401
      0.08     538668     772005     139931     154401
      0.09     495234     772005     142367     154401
       0.1     495234     772005     142367     154401
      0.11     474487     772005     139656     154401
      0.12     462105     772005     141924     154401
      0.13     462105     772005     141924     154401
      0.14     462105     772005     141924     154401
      0.15     462105     772005     141924     154401
      0.16     462105     772005     141924     154401
      0.17     462105     772005     141924     154401
      0.18     462105     772005     141924     154401
      0.19     462105     772005     141924     154401
       0.2     462105     772005     141924     154401
      0.21     319871     772005     104990     154401
      0.22     319871     772005     104990     154401
      0.23     267923     772005    95482.8     154401
      0.24     267923     772005    95482.8     154401
      0.25     267923     772005    95482.8     154401
      0.26     267923     772005    95482.8     154401
      0.27     267923     772005    95482.8     154401
      0.28     267923     772005    95482.8     154401
      0.29     267923     772005    95482.8     154401
       0.3     267923     772005    95482.8     154401
      0.31     267923     772005    95482.8     154401
      0.32     267923     772005    95482.8     154401
      0.33     267923     772005    95482.8     154401
      0.34     267923     772005    95482.8     154401
      0.35     267923     772005    95482.8     154401
      0.36     267923     772005    95482.8     154401
      0.37     267923     772005    95482.8     154401
      0.38     267923     772005    95482.8     154401
      0.39     267923     772005    95482.8     154401
       0.4     267923     772005    95482.8     154401
      0.41     267923     772005    95482.8     154401
      0.42     267923     772005    95482.8     154401
      0.43     267923     772005    95482.8     154401
      0.44     140093     772005      49301     154401
      0.45     140093     772005      49301     154401
      0.46     140093     772005      49301     154401
      0.47     140093     772005      49301     154401
      0.48     140093     772005      49301     154401
      0.49     140093     772005      49301     154401
       0.5     140093     772005      49301     154401
      0.51     140093     772005      49301     154401
      0.52     140093     772005      49301     154401
      0.53     140093     772005      49301     154401
      0.54     140093     772005      49301     154401
      0.55     140093     772005      49301     154401
      0.56     140093     772005      49301     154401
      0.57     140093     772005      49301     154401
      0.58     140093     772005      49301     154401
      0.59     140093     772005      49301     154401
       0.6     140093     772005      49301     154401
      0.61     140093     772005      49301     154401
      0.62     140093     772005      49301     154401
      0.63     140093     772005      49301     154401
      0.64     140093     772005      49301     154401
      0.65     140093     772005      49301     154401
      0.66     140093     772005      49301     154401
      0.67     140093     772005      49301     154401
      0.68     140093     772005      49301     154401
      0.69     140093     772005      49301     154401
       0.7     140093     772005      49301     154401
      0.71     140093     772005      49301     154401
      0.72     140093     772005      49301     154401
      0.73     140093     772005      49301     154401
      0.74     140093     772005      49301     154401
      0.75     140093     772005      49301     154401
      0.76     140093     772005      49301     154401
      0.77     140093     772005      49301     154401
      0.78     140093     772005      49301     154401
      0.79     140093     772005      49301     154401
       0.8     140093     772005      49301     154401
      0.81     140093     772005      49301     154401
      0.82     140093     772005      49301     154401
      0.83     140093     772005      49301     154401
      0.84     140093     772005      49301     154401
      0.85     140093     772005      49301     154401
      0.86     140093     772005      49301     154401
      0.87     140093     772005      49301     154401
      0.88     140093     772005      49301     154401
      0.89     140093     772005      49301     154401
       0.9     140093     772005      49301     154401
      0.91     140093     772005      49301     154401
      0.92     140093     772005      49301     154401
      0.93     140093     772005      49301     154401
      0.94     140093     772005      49301     154401
      0.95     140093     772005      49301     154401
      0.96     140093     772005      49301     154401
      0.97     140093     772005      49301     154401
      0.98     140093     772005      49301     154401
      0.99     140093     772005      49301     154401
