      0.01   0.860164    3.26836
      0.02   0.889762    1.71563
      0.03   0.909498    1.31533
      0.04   0.908813    1.15362
      0.05    0.91237    1.09501
      0.06   0.912439     1.0781
      0.07   0.916671   0.985288
      0.08   0.916636   0.983322
      0.09   0.896535    1.05196
       0.1   0.896535    1.05196
      0.11   0.881932     1.1471
      0.12   0.868255    1.21255
      0.13   0.868255    1.21255
      0.14   0.868255    1.21255
      0.15   0.868255    1.21255
      0.16   0.868255    1.21255
      0.17   0.868255    1.21255
      0.18   0.868255    1.21255
      0.19   0.868255    1.21255
       0.2   0.868255    1.21255
      0.21   0.698641    1.68714
      0.22   0.698641    1.68714
      0.23    0.65542    1.92291
      0.24    0.65542    1.92291
      0.25    0.65542    1.92291
      0.26    0.65542    1.92291
      0.27    0.65542    1.92291
      0.28    0.65542    1.92291
      0.29    0.65542    1.92291
       0.3    0.65542    1.92291
      0.31    0.65542    1.92291
      0.32    0.65542    1.92291
      0.33    0.65542    1.92291
      0.34    0.65542    1.92291
      0.35    0.65542    1.92291
      0.36    0.65542    1.92291
      0.37    0.65542    1.92291
      0.38    0.65542    1.92291
      0.39    0.65542    1.92291
       0.4    0.65542    1.92291
      0.41    0.65542    1.92291
      0.42    0.65542    1.92291
      0.43    0.65542    1.92291
      0.44   0.181461    2.77571
      0.45   0.181461    2.77571
      0.46   0.181461    2.77571
      0.47   0.181461    2.77571
      0.48   0.181461    2.77571
      0.49   0.181461    2.77571
       0.5   0.181461    2.77571
      0.51   0.181461    2.77571
      0.52   0.181461    2.77571
      0.53   0.181461    2.77571
      0.54   0.181461    2.77571
      0.55   0.181461    2.77571
      0.56   0.181461    2.77571
      0.57   0.181461    2.77571
      0.58   0.181461    2.77571
      0.59   0.181461    2.77571
       0.6   0.181461    2.77571
      0.61   0.181461    2.77571
      0.62   0.181461    2.77571
      0.63   0.181461    2.77571
      0.64   0.181461    2.77571
      0.65   0.181461    2.77571
      0.66   0.181461    2.77571
      0.67   0.181461    2.77571
      0.68   0.181461    2.77571
      0.69   0.181461    2.77571
       0.7   0.181461    2.77571
      0.71   0.181461    2.77571
      0.72   0.181461    2.77571
      0.73   0.181461    2.77571
      0.74   0.181461    2.77571
      0.75   0.181461    2.77571
      0.76   0.181461    2.77571
      0.77   0.181461    2.77571
      0.78   0.181461    2.77571
      0.79   0.181461    2.77571
       0.8   0.181461    2.77571
      0.81   0.181461    2.77571
      0.82   0.181461    2.77571
      0.83   0.181461    2.77571
      0.84   0.181461    2.77571
      0.85   0.181461    2.77571
      0.86   0.181461    2.77571
      0.87   0.181461    2.77571
      0.88   0.181461    2.77571
      0.89   0.181461    2.77571
       0.9   0.181461    2.77571
      0.91   0.181461    2.77571
      0.92   0.181461    2.77571
      0.93   0.181461    2.77571
      0.94   0.181461    2.77571
      0.95   0.181461    2.77571
      0.96   0.181461    2.77571
      0.97   0.181461    2.77571
      0.98   0.181461    2.77571
      0.99   0.181461    2.77571
