      0.01      10333      11298       3274       8487
      0.02       9547      11298       2641       3867
      0.03       9261      11298       2463       3014
      0.04       8845      11298       2220       2423
      0.05       8572      11298       2137       2288
      0.06       8455      11298       2077       2216
      0.07       8189      11298       1963       1967
      0.08       8121      11298       1947       1951
      0.09       7111      11298       1640       1641
       0.1       7106      11298       1640       1641
      0.11       6766      11298       1548       1548
      0.12       6130      11298       1328       1328
      0.13       6129      11298       1328       1328
      0.14       6127      11298       1328       1328
      0.15       6131      11298       1328       1328
      0.16       6129      11298       1328       1328
      0.17       6136      11298       1328       1328
      0.18       6128      11298       1328       1328
      0.19       6129      11298       1328       1328
       0.2       6126      11298       1328       1328
      0.21       5525      11298       1118       1118
      0.22       5522      11298       1118       1118
      0.23       4973      11298        997        997
      0.24       4976      11298        997        997
      0.25       4973      11298        997        997
      0.26       4974      11298        997        997
      0.27       4975      11298        997        997
      0.28       4973      11298        997        997
      0.29       4973      11298        997        997
       0.3       4974      11298        997        997
      0.31       4974      11298        997        997
      0.32       4974      11298        997        997
      0.33       4976      11298        997        997
      0.34       4974      11298        997        997
      0.35       4970      11298        997        997
      0.36       4969      11298        997        997
      0.37       4968      11298        997        997
      0.38       4972      11298        997        997
      0.39       4973      11298        997        997
       0.4       4970      11298        997        997
      0.41       4977      11298        997        997
      0.42       4974      11298        997        997
      0.43       4970      11298        997        997
      0.44          0      11298          0          0
      0.45          0      11298          0          0
      0.46          0      11298          0          0
      0.47          0      11298          0          0
      0.48          0      11298          0          0
      0.49          0      11298          0          0
       0.5          0      11298          0          0
      0.51          0      11298          0          0
      0.52          0      11298          0          0
      0.53          0      11298          0          0
      0.54          0      11298          0          0
      0.55          0      11298          0          0
      0.56          0      11298          0          0
      0.57          0      11298          0          0
      0.58          0      11298          0          0
      0.59          0      11298          0          0
       0.6          0      11298          0          0
      0.61          0      11298          0          0
      0.62          0      11298          0          0
      0.63          0      11298          0          0
      0.64          0      11298          0          0
      0.65          0      11298          0          0
      0.66          0      11298          0          0
      0.67          0      11298          0          0
      0.68          0      11298          0          0
      0.69          0      11298          0          0
       0.7          0      11298          0          0
      0.71          0      11298          0          0
      0.72          0      11298          0          0
      0.73          0      11298          0          0
      0.74          0      11298          0          0
      0.75          0      11298          0          0
      0.76          0      11298          0          0
      0.77          0      11298          0          0
      0.78          0      11298          0          0
      0.79          0      11298          0          0
       0.8          0      11298          0          0
      0.81          0      11298          0          0
      0.82          0      11298          0          0
      0.83          0      11298          0          0
      0.84          0      11298          0          0
      0.85          0      11298          0          0
      0.86          0      11298          0          0
      0.87          0      11298          0          0
      0.88          0      11298          0          0
      0.89          0      11298          0          0
       0.9          0      11298          0          0
      0.91          0      11298          0          0
      0.92          0      11298          0          0
      0.93          0      11298          0          0
      0.94          0      11298          0          0
      0.95          0      11298          0          0
      0.96          0      11298          0          0
      0.97          0      11298          0          0
      0.98          0      11298          0          0
      0.99          0      11298          0          0
